timestamp	x	y	r
1743622183.3762982	0	0	0
1743622183.4064522	0	0	0
1743622183.4411957	0	0	0
1743622183.471202	0	0	0
1743622183.505897	0	0	0
1743622183.5380707	0	0	0
1743622183.5698128	0	0	0
1743622183.6053455	0	0	0
1743622183.6400425	0	0	0
1743622183.7094662	0	0	0
1743622183.7490242	0	0	0
1743622183.7883422	0	0	0
1743622183.8312511	0	0	0
1743622183.8499455	0	0	0
1743622183.8588786	0	0	0
1743622183.8695543	0	0	0
1743622183.906544	0	0	0
1743622183.9472504	0	0	0
1743622183.99731	0	0	0
1743622184.0262322	0	0	0
1743622184.0512238	0	0	0
1743622184.0670695	0	0	0
1743622184.1034672	0	0	0
1743622184.1347485	0	0	0
1743622184.1680694	0	0	0
1743622184.2034364	0	0	0
1743622184.236415	0	0	0
1743622184.2678955	0	0	0
1743622184.312399	0	0	0
1743622184.345455	0	0	0
1743622184.3658066	0	0	0
1743622184.4042203	0	0	0
1743622184.4349296	0	0	0
1743622184.467874	596.5	159.5	20.200000762939453
1743622184.5415938	0	0	0
1743622184.5748782	0	0	0
1743622184.6148279	0	0	0
1743622184.6468508	0	0	0
1743622184.6933227	0	0	0
1743622184.74338	0	0	0
1743622184.7803133	0	0	0
1743622184.821368	0	0	0
1743622184.8546145	0	0	0
1743622184.8945894	0	0	0
1743622184.9344535	603.5	159.5	25.399999618530273
1743622185.0319147	0	0	0
1743622185.073647	0	0	0
1743622185.1135542	0	0	0
1743622185.1595297	0	0	0
1743622185.2017503	0	0	0
1743622185.2373223	0	0	0
1743622185.2572818	0	0	0
1743622185.2836468	0	0	0
1743622185.3091912	0	0	0
1743622185.3385773	0	0	0
1743622185.380053	0	0	0
1743622185.4092207	0	0	0
1743622185.4502766	0	0	0
1743622185.4807906	0	0	0
1743622185.5232234	0	0	0
1743622185.555076	0	0	0
1743622185.5885916	0	0	0
1743622185.5945146	594.5	159.5	20.700000762939453
1743622185.6456878	594.5	159.5	20.399999618530273
1743622185.6910326	0	0	0
1743622185.739223	601.5	159.5	25.200000762939453
1743622185.7882884	0	0	0
1743622185.8290415	0	0	0
1743622185.8646624	0	0	0
1743622185.9029348	0	0	0
1743622185.9188833	0	0	0
1743622185.9253323	593.5	160.5	19.899999618530273
1743622185.945052	0	0	0
1743622185.9508703	0	0	0
1743622185.970464	0	0	0
1743622186.0387616	0	0	0
1743622186.0580888	594.5	159.5	20.200000762939453
1743622186.1105833	0	0	0
1743622186.1505077	603.5	160.5	25.200000762939453
1743622186.1964772	0	0	0
1743622186.2284918	0	0	0
1743622186.2649662	0	0	0
1743622186.2934852	0	0	0
1743622186.3360066	0	0	0
1743622186.3765142	0	0	0
1743622186.416056	0	0	0
1743622186.446393	0	0	0
1743622186.4899504	0	0	0
1743622186.5136108	0	0	0
1743622186.5587096	0	0	0
1743622186.5919783	0	0	0
1743622186.6358242	0	0	0
1743622186.6747587	0	0	0
1743622186.7051737	0	0	0
1743622186.7474544	0	0	0
1743622186.8026383	0	0	0
1743622186.8730378	0	0	0
1743622186.897224	0	0	0
1743622186.9145606	0	0	0
1743622186.9210064	0	0	0
1743622186.9264472	0	0	0
1743622186.9348202	0	0	0
1743622186.9710455	0	0	0
1743622187.003644	602.5	160.5	25.200000762939453
1743622187.038851	0	0	0
1743622187.0736678	0	0	0
1743622187.1024764	0	0	0
1743622187.1397605	594.5	160.5	20.700000762939453
1743622187.1709707	594.5	160.5	20.5
1743622187.203495	594.5	160.5	20.5
1743622187.2390609	0	0	0
1743622187.2718074	0	0	0
1743622187.302651	0	0	0
1743622187.3400562	0	0	0
1743622187.3716066	0	0	0
1743622187.4039397	602.5	160.5	25.100000381469727
1743622187.4389937	0	0	0
1743622187.4712794	0	0	0
1743622187.5025175	0	0	0
1743622187.5391762	0	0	0
1743622187.5710316	0	0	0
1743622187.6031244	594.5	160.5	20.700000762939453
1743622187.6384254	0	0	0
1743622187.671374	594.5	160.5	20.799999237060547
1743622187.7033556	594.5	160.5	20.200000762939453
1743622187.739169	0	0	0
1743622187.7706878	0	0	0
1743622187.803515	594.5	160.5	20.700000762939453
1743622187.8388114	0	0	0
1743622187.87099	0	0	0
1743622187.9273732	602.5	160.5	25.200000762939453
1743622187.9650655	0	0	0
1743622187.990848	0	0	0
1743622188.0325787	0	0	0
1743622188.0567458	602.5	160.5	25.0
1743622188.0779278	594.5	160.5	20.700000762939453
1743622188.1025531	0	0	0
1743622188.1391442	0	0	0
1743622188.1709366	602.5	160.5	25.200000762939453
1743622188.2031622	602.5	160.5	25.200000762939453
1743622188.241549	0	0	0
1743622188.2707076	0	0	0
1743622188.3021185	0	0	0
1743622188.3393173	595.5	160.5	20.799999237060547
1743622188.3748095	0	0	0
1743622188.403401	0	0	0
1743622188.438809	0	0	0
1743622188.471077	0	0	0
1743622188.5027163	0	0	0
1743622188.5666118	0	0	0
1743622188.5960276	0	0	0
1743622188.6287682	0	0	0
1743622188.6389747	602.5	158.5	23.799999237060547
1743622188.6759093	597.5	160.5	19.600000381469727
1743622188.7074027	0	0	0
1743622188.739376	603.5	158.5	23.799999237060547
1743622188.775693	0	0	0
1743622188.802346	0	0	0
1743622188.8391073	0	0	0
1743622188.8716545	603.5	157.5	25.200000762939453
1743622188.9091682	0	0	0
1743622188.9390044	0	0	0
1743622188.9704335	0	0	0
1743622189.0068352	0	0	0
1743622189.0387924	0	0	0
1743622189.0712707	0	0	0
1743622189.1068141	0	0	0
1743622189.138708	0	0	0
1743622189.1704552	609.5	161.5	26.700000762939453
1743622189.2073078	0	0	0
1743622189.2386327	0	0	0
1743622189.270893	0	0	0
1743622189.3067796	611.5	160.5	26.0
1743622189.3443305	0	0	0
1743622189.3705842	0	0	0
1743622189.4074264	0	0	0
1743622189.4388633	607.5	158.5	24.899999618530273
1743622189.4753048	0	0	0
1743622189.506457	0	0	0
1743622189.539502	602.5	160.5	20.0
1743622189.5756326	0	0	0
1743622189.6073573	604.5	160.5	20.700000762939453
1743622189.643811	611.5	161.5	26.799999237060547
1743622189.6763623	612.5	161.5	26.299999237060547
1743622189.7295103	606.5	160.5	21.299999237060547
1743622189.7736444	0	0	0
1743622189.7982018	0	0	0
1743622189.806583	0	0	0
1743622189.8385513	0	0	0
1743622189.8708928	0	0	0
1743622189.9070153	0	0	0
1743622189.9392998	609.5	159.5	23.0
1743622189.9769669	609.5	159.5	23.0
1743622190.0110545	0	0	0
1743622190.0389605	0	0	0
1743622190.0712342	609.5	159.5	23.0
1743622190.1105442	606.5	160.5	20.100000381469727
1743622190.146482	609.5	159.5	23.5
1743622190.1772678	609.5	159.5	23.0
1743622190.2115424	0	0	0
1743622190.238683	0	0	0
1743622190.2708216	0	0	0
1743622190.306912	0	0	0
1743622190.3391736	0	0	0
1743622190.3704677	0	0	0
1743622190.4068744	0	0	0
1743622190.438685	0	0	0
1743622190.4705577	0	0	0
1743622190.5065608	0	0	0
1743622190.5391345	0	0	0
1743622190.5712378	610.5	159.5	23.0
1743622190.6118207	0	0	0
1743622190.6388705	609.5	159.5	22.700000762939453
1743622190.6778865	0	0	0
1743622190.7066896	0	0	0
1743622190.7398818	0	0	0
1743622190.7751935	0	0	0
1743622190.8076065	0	0	0
1743622190.839631	610.5	159.5	24.600000381469727
1743622190.87849	609.5	159.5	23.5
1743622190.913243	608.5	159.5	22.299999237060547
1743622190.9450605	609.5	159.5	23.0
1743622190.9793162	609.5	159.5	23.0
1743622191.0130332	0	0	0
1743622191.0387228	0	0	0
1743622191.0763364	0	0	0
1743622191.1070793	608.5	159.5	23.0
1743622191.1454985	0	0	0
1743622191.17507	608.5	159.5	23.0
1743622191.213095	608.5	159.5	23.100000381469727
1743622191.2444181	0	0	0
1743622191.2757661	608.5	159.5	22.700000762939453
1743622191.3128905	607.5	159.5	22.200000762939453
1743622191.3482106	608.5	159.5	22.700000762939453
1743622191.378899	0	0	0
1743622191.4070027	0	0	0
1743622191.4394746	0	0	0
1743622191.4756992	609.5	159.5	23.5
1743622191.512517	0	0	0
1743622191.5395992	0	0	0
1743622191.5750005	0	0	0
1743622191.6073718	0	0	0
1743622191.639163	0	0	0
1743622191.675366	0	0	0
1743622191.707084	0	0	0
1743622191.7401924	0	0	0
1743622191.7747114	0	0	0
1743622191.807791	582.5	159.5	20.200000762939453
1743622191.845641	0	0	0
1743622191.9053788	579.5	159.5	23.0
1743622191.9400623	0	0	0
1743622191.9571748	573.5	158.5	23.200000762939453
1743622191.9801419	573.5	158.5	23.799999237060547
1743622192.0141194	572.5	158.5	23.200000762939453
1743622192.0448713	573.5	158.5	23.200000762939453
1743622192.0816717	573.5	158.5	23.899999618530273
1743622192.1134226	572.5	159.5	24.799999237060547
1743622192.1450934	573.5	158.5	23.799999237060547
1743622192.1806562	572.5	158.5	22.100000381469727
1743622192.2135575	573.5	158.5	23.799999237060547
1743622192.2477741	573.5	158.5	23.200000762939453
1743622192.2796717	573.5	158.5	23.200000762939453
1743622192.3132875	573.5	158.5	23.200000762939453
1743622192.347672	573.5	158.5	24.299999237060547
1743622192.3817403	575.5	159.5	25.700000762939453
1743622192.4145653	572.5	158.5	24.899999618530273
1743622192.4475667	573.5	158.5	23.200000762939453
1743622192.4829974	573.5	158.5	23.200000762939453
1743622192.5142858	573.5	158.5	23.799999237060547
1743622192.548884	573.5	158.5	24.299999237060547
1743622192.583015	572.5	158.5	23.200000762939453
1743622192.6136427	572.5	158.5	23.200000762939453
1743622192.64639	572.5	158.5	23.0
1743622192.6819801	573.5	158.5	24.200000762939453
1743622192.7161338	572.5	158.5	23.0
1743622192.747214	572.5	158.5	23.899999618530273
1743622192.781604	574.5	157.5	23.799999237060547
1743622192.8163462	572.5	158.5	23.799999237060547
1743622192.8476994	573.5	158.5	23.799999237060547
1743622192.881244	572.5	158.5	23.200000762939453
1743622192.912167	572.5	158.5	23.200000762939453
1743622192.949818	575.5	158.5	25.399999618530273
1743622192.9805784	576.5	159.5	25.200000762939453
1743622193.0147917	573.5	158.5	24.899999618530273
1743622193.0491254	574.5	157.5	25.399999618530273
1743622193.08192	572.5	158.5	23.0
1743622193.1145897	574.5	159.5	25.700000762939453
1743622193.1488745	571.5	158.5	21.600000381469727
1743622193.1819925	573.5	157.5	24.299999237060547
1743622193.216109	0	0	0
1743622193.2428253	571.5	158.5	22.700000762939453
1743622193.2810245	571.5	158.5	22.700000762939453
1743622193.3164334	573.5	157.5	24.299999237060547
1743622193.3483577	573.5	157.5	23.799999237060547
1743622193.3832426	571.5	158.5	22.5
1743622193.4152174	571.5	158.5	22.399999618530273
1743622193.4499454	571.5	158.5	22.100000381469727
1743622193.4825757	571.5	158.5	22.5
1743622193.5131636	572.5	158.5	23.0
1743622193.5493393	0	0	0
1743622193.5748382	571.5	158.5	22.399999618530273
1743622193.6065404	0	0	0
1743622193.643195	571.5	158.5	22.5
1743622193.6809337	571.5	158.5	22.5
1743622193.7150736	571.5	158.5	22.5
1743622193.749005	571.5	158.5	22.100000381469727
1743622193.7831416	571.5	158.5	22.5
1743622193.8169575	571.5	158.5	22.100000381469727
1743622193.8482893	571.5	158.5	23.0
1743622193.8844078	572.5	157.5	23.899999618530273
1743622193.9135227	571.5	158.5	22.5
1743622193.949519	571.5	158.5	22.5
1743622193.9830766	569.5	158.5	20.700000762939453
1743622194.016144	570.5	158.5	21.200000762939453
1743622194.0513477	571.5	158.5	22.5
1743622194.0834823	572.5	158.5	23.200000762939453
1743622194.1159678	0	0	0
1743622194.1431742	570.5	158.5	22.100000381469727
1743622194.1745734	572.5	157.5	23.899999618530273
1743622194.2070863	572.5	157.5	24.299999237060547
1743622194.2430446	572.5	157.5	24.299999237060547
1743622194.2751997	572.5	157.5	24.299999237060547
1743622194.3070395	570.5	158.5	22.399999618530273
1743622194.343946	570.5	158.5	22.5
1743622194.382844	0	0	0
1743622194.4115555	572.5	157.5	24.299999237060547
1743622194.4493103	571.5	158.5	23.600000381469727
1743622194.4842758	572.5	157.5	23.799999237060547
1743622194.515387	571.5	157.5	23.200000762939453
1743622194.551474	571.5	158.5	23.600000381469727
1743622194.5824487	0	0	0
1743622194.6117008	572.5	157.5	24.299999237060547
1743622194.6489942	572.5	157.5	23.799999237060547
1743622194.685311	570.5	158.5	21.799999237060547
1743622194.719969	571.5	158.5	22.100000381469727
1743622194.7496607	572.5	157.5	23.799999237060547
1743622194.7833307	572.5	157.5	23.799999237060547
1743622194.8183048	570.5	158.5	21.799999237060547
1743622194.8520896	571.5	158.5	22.100000381469727
1743622194.8827655	571.5	158.5	22.399999618530273
1743622194.915948	572.5	158.5	23.0
1743622194.9527938	572.5	158.5	23.5
1743622194.9829023	571.5	158.5	22.299999237060547
1743622195.0174894	572.5	158.5	23.0
1743622195.0484624	573.5	157.5	24.299999237060547
1743622195.0831263	579.5	155.5	20.700000762939453
1743622195.116394	573.5	157.5	24.299999237060547
1743622195.1515703	573.5	157.5	24.299999237060547
1743622195.1834898	573.5	157.5	24.299999237060547
1743622195.2188725	573.5	157.5	23.799999237060547
1743622195.2508407	573.5	157.5	24.299999237060547
1743622195.2862973	573.5	157.5	24.299999237060547
1743622195.3242958	573.5	157.5	24.299999237060547
1743622195.3840852	573.5	157.5	24.299999237060547
1743622195.434626	572.5	157.5	23.200000762939453
1743622195.4880238	573.5	157.5	23.799999237060547
1743622195.5346625	573.5	157.5	23.799999237060547
1743622195.5785677	573.5	157.5	24.299999237060547
1743622195.6105106	573.5	157.5	23.799999237060547
1743622195.6397924	572.5	157.5	23.200000762939453
1743622195.681104	574.5	157.5	24.299999237060547
1743622195.730516	572.5	157.5	23.899999618530273
1743622195.7790427	572.5	157.5	23.799999237060547
1743622195.8300605	571.5	158.5	22.299999237060547
1743622195.8670003	573.5	157.5	24.299999237060547
1743622195.9158154	0	0	0
1743622195.9457643	572.5	158.5	23.200000762939453
1743622195.9955091	573.5	157.5	24.899999618530273
1743622196.0376382	0	0	0
1743622196.0740175	572.5	157.5	24.299999237060547
1743622196.1159248	572.5	157.5	24.299999237060547
1743622196.1653998	572.5	157.5	24.299999237060547
1743622196.2005217	570.5	158.5	22.399999618530273
1743622196.2332015	570.5	158.5	22.100000381469727
1743622196.2531786	570.5	158.5	22.100000381469727
1743622196.2808874	570.5	158.5	22.399999618530273
1743622196.2996168	571.5	157.5	23.799999237060547
1743622196.3189068	0	0	0
1743622196.323796	0	0	0
1743622196.3429446	571.5	157.5	24.299999237060547
1743622196.3787465	574.5	155.5	22.100000381469727
1743622196.4114857	569.5	158.5	21.700000762939453
1743622196.4428859	574.5	155.5	22.100000381469727
1743622196.4789824	569.5	158.5	22.399999618530273
1743622196.510352	572.5	156.5	22.899999618530273
1743622196.5540338	572.5	156.5	25.799999237060547
1743622196.578524	571.5	157.5	24.299999237060547
1743622196.6112442	574.5	155.5	22.100000381469727
1743622196.6433272	570.5	158.5	23.200000762939453
1743622196.6796725	571.5	157.5	24.299999237060547
1743622196.7163453	572.5	156.5	23.5
1743622196.7512	572.5	156.5	25.799999237060547
1743622196.7848728	572.5	156.5	25.799999237060547
1743622196.8219688	571.5	157.5	24.299999237060547
1743622196.8528056	570.5	157.5	23.799999237060547
1743622196.8882158	571.5	157.5	23.799999237060547
1743622196.9219248	567.5	158.5	20.5
1743622196.9552188	572.5	156.5	23.200000762939453
1743622196.9875288	570.5	157.5	23.200000762939453
1743622197.0190852	572.5	156.5	23.200000762939453
1743622197.0546386	572.5	156.5	23.200000762939453
1743622197.088274	0	0	0
1743622197.1107166	572.5	156.5	23.200000762939453
1743622197.1430588	0	0	0
1743622197.1788073	572.5	156.5	25.100000381469727
1743622197.2417235	571.5	156.5	23.799999237060547
1743622197.2812903	569.5	158.5	22.399999618530273
1743622197.3152442	570.5	157.5	23.200000762939453
1743622197.3422337	570.5	157.5	24.299999237060547
1743622197.3695378	569.5	158.5	22.399999618530273
1743622197.3932316	568.5	158.5	21.200000762939453
1743622197.4245033	570.5	157.5	23.200000762939453
1743622197.4531522	0	0	0
1743622197.47913	0	0	0
1743622197.5112953	569.5	158.5	22.399999618530273
1743622197.543174	0	0	0
1743622197.5790231	571.5	157.5	24.299999237060547
1743622197.6110063	0	0	0
1743622197.642719	0	0	0
1743622197.6793528	569.5	158.5	23.0
1743622197.7103124	0	0	0
1743622197.7431543	570.5	157.5	23.600000381469727
1743622197.7789557	568.5	158.5	21.700000762939453
1743622197.811315	569.5	158.5	22.399999618530273
1743622197.8430395	0	0	0
1743622197.8795419	568.5	158.5	21.299999237060547
1743622197.9110172	569.5	158.5	22.799999237060547
1743622197.9429252	567.5	158.5	20.700000762939453
1743622197.978914	570.5	157.5	23.799999237060547
1743622198.0119512	569.5	157.5	23.200000762939453
1743622198.0468242	569.5	157.5	23.600000381469727
1743622198.079033	0	0	0
1743622198.1103976	0	0	0
1743622198.1477444	569.5	157.5	23.600000381469727
1743622198.179066	569.5	157.5	23.200000762939453
1743622198.2113543	571.5	156.5	23.200000762939453
1743622198.2471054	569.5	157.5	23.200000762939453
1743622198.2797315	0	0	0
1743622198.3110979	569.5	157.5	23.600000381469727
1743622198.3476706	570.5	156.5	24.299999237060547
1743622198.378873	0	0	0
1743622198.4114995	569.5	157.5	23.799999237060547
1743622198.4464903	0	0	0
1743622198.4795337	0	0	0
1743622198.5107887	0	0	0
1743622198.5469108	0	0	0
1743622198.5792296	571.5	155.5	22.899999618530273
1743622198.6112218	570.5	156.5	23.200000762939453
1743622198.6463773	0	0	0
1743622198.6794696	568.5	157.5	23.200000762939453
1743622198.7107599	0	0	0
1743622198.7471383	0	0	0
1743622198.7794347	570.5	155.5	22.399999618530273
1743622198.8112273	0	0	0
1743622198.846293	567.5	157.5	23.200000762939453
1743622198.879558	0	0	0
1743622198.9112637	569.5	158.5	25.200000762939453
1743622198.9467611	0	0	0
1743622198.979899	566.5	158.5	22.399999618530273
1743622199.0118124	569.5	158.5	25.200000762939453
1743622199.0469246	0	0	0
1743622199.078998	0	0	0
1743622199.1108587	568.5	158.5	25.200000762939453
1743622199.1478925	567.5	158.5	25.200000762939453
1743622199.1787572	0	0	0
1743622199.2114131	561.5	158.5	19.299999237060547
1743622199.2468753	0	0	0
1743622199.2795923	562.5	158.5	20.700000762939453
1743622199.3164825	561.5	158.5	20.399999618530273
1743622199.3778567	0	0	0
1743622199.413659	561.5	158.5	20.700000762939453
1743622199.4725835	0	0	0
1743622199.5070314	0	0	0
1743622199.5441928	0	0	0
1743622199.5830815	0	0	0
1743622199.6251514	0	0	0
1743622199.6684883	554.5	157.5	15.800000190734863
1743622199.7291622	0	0	0
1743622199.7684765	560.5	158.5	21.299999237060547
1743622199.8263752	0	0	0
1743622199.8583827	0	0	0
1743622199.9005713	563.5	156.5	23.799999237060547
1743622199.9552453	558.5	158.5	20.700000762939453
1743622200.0138566	561.5	156.5	22.899999618530273
1743622200.0573633	0	0	0
1743622200.0962896	560.5	156.5	22.700000762939453
1743622200.145045	561.5	158.5	25.700000762939453
1743622200.2018118	562.5	158.5	24.600000381469727
1743622200.2450793	0	0	0
1743622200.2846615	559.5	157.5	24.600000381469727
1743622200.3292406	0	0	0
1743622200.3357074	0	0	0
1743622200.34101	555.5	156.5	24.299999237060547
1743622200.371046	555.5	156.5	23.0
1743622200.3914688	556.5	157.5	25.399999618530273
1743622200.4302406	0	0	0
1743622200.4400353	551.5	158.5	24.600000381469727
1743622200.4602613	553.5	156.5	22.700000762939453
1743622200.4952898	552.5	156.5	22.399999618530273
1743622200.5362835	546.5	158.5	21.200000762939453
1743622200.5564358	0	0	0
1743622200.5881777	0	0	0
1743622200.615107	544.5	158.5	20.100000381469727
1743622200.6567805	0	0	0
1743622200.6788862	549.5	156.5	22.700000762939453
1743622200.726137	546.5	158.5	21.0
1743622210.2030847	549.5	157.5	24.299999237060547
1743622210.243683	549.5	156.5	23.0
1743622210.2941139	546.5	158.5	21.299999237060547
1743622210.3247774	0	0	0
1743622210.3314502	543.5	158.5	19.399999618530273
1743622210.3622804	547.5	157.5	23.5
1743622210.3910527	550.5	159.5	25.700000762939453
1743622210.4270263	548.5	157.5	23.5
1743622210.4739065	550.5	159.5	25.700000762939453
1743622210.497301	548.5	157.5	23.5
1743622210.536594	550.5	159.5	25.700000762939453
1743622210.5835345	551.5	159.5	25.200000762939453
1743622210.6530404	552.5	159.5	25.200000762939453
1743622210.69887	548.5	157.5	23.5
1743622210.7382255	549.5	156.5	23.399999618530273
1743622210.7659235	0	0	0
1743622210.772265	548.5	158.5	23.0
1743622210.7929835	547.5	158.5	21.799999237060547
1743622210.8330708	547.5	158.5	21.0
1743622210.853805	547.5	158.5	21.399999618530273
1743622210.8923273	547.5	158.5	21.299999237060547
1743622210.9389591	550.5	157.5	24.600000381469727
1743622210.984827	548.5	158.5	22.5
1743622211.0175548	552.5	159.5	25.200000762939453
1743622211.0532336	0	0	0
1743622211.0709813	549.5	158.5	23.200000762939453
1743622211.1118102	551.5	158.5	24.600000381469727
1743622211.153948	553.5	158.5	24.299999237060547
1743622211.1917593	0	0	0
1743622211.2052922	548.5	158.5	24.799999237060547
1743622211.2411299	548.5	158.5	24.799999237060547
1743622211.2752886	548.5	158.5	21.799999237060547
1743622211.3280437	550.5	157.5	23.799999237060547
1743622211.3714826	548.5	158.5	22.200000762939453
1743622211.403979	548.5	158.5	21.799999237060547
1743622211.4372883	548.5	158.5	22.200000762939453
1743622211.470872	609.5	280.5	63.70000076293945
1743622211.503946	548.5	158.5	22.399999618530273
1743622211.537057	550.5	157.5	24.299999237060547
1743622211.5624754	547.5	158.5	21.299999237060547
1743622211.6065938	547.5	158.5	22.0
1743622211.6390743	547.5	158.5	21.700000762939453
1743622211.6721582	0	0	0
1743622211.689828	0	0	0
1743622211.6960986	0	0	0
1743622211.7015524	0	0	0
1743622211.7078478	547.5	158.5	22.0
1743622211.7470517	549.5	157.5	22.899999618530273
1743622211.7876754	547.5	158.5	21.700000762939453
1743622211.8209994	552.5	159.5	25.200000762939453
1743622211.854055	552.5	159.5	25.200000762939453
1743622211.8830025	547.5	158.5	22.5
1743622211.9112155	0	0	0
1743622211.9260736	0	0	0
1743622211.9561658	0	0	0
1743622211.987867	551.5	159.5	25.200000762939453
1743622212.0398088	551.5	159.5	25.200000762939453
1743622212.0733473	0	0	0
1743622212.0941086	550.5	158.5	25.399999618530273
1743622212.1403208	546.5	158.5	21.799999237060547
1743622212.1736236	0	0	0
1743622212.1927705	544.5	159.5	19.600000381469727
1743622212.2422173	0	0	0
1743622212.2552807	550.5	159.5	25.700000762939453
1743622212.3059137	548.5	158.5	24.899999618530273
1743622212.3583367	0	0	0
1743622212.402496	594.5	272.5	49.400001525878906
1743622212.4524138	550.5	158.5	24.899999618530273
1743622212.4882624	548.5	156.5	23.200000762939453
1743622212.523545	546.5	158.5	24.200000762939453
1743622212.583236	0	0	0
1743622212.617789	547.5	157.5	23.799999237060547
1743622212.656931	550.5	159.5	25.200000762939453
1743622212.7031686	0	0	0
1743622212.7129507	0	0	0
1743622212.7184703	550.5	159.5	25.200000762939453
1743622212.7438834	550.5	159.5	25.200000762939453
1743622212.7792995	549.5	158.5	25.399999618530273
1743622212.822636	549.5	158.5	24.600000381469727
1743622212.8440905	549.5	158.5	24.299999237060547
1743622212.8843079	543.5	159.5	19.600000381469727
1743622212.9090059	549.5	159.5	25.700000762939453
1743622212.950412	0	0	0
1743622212.961887	549.5	161.5	26.799999237060547
1743622213.0071883	0	0	0
1743622213.0134664	549.5	160.5	26.100000381469727
1743622213.0559845	548.5	158.5	24.600000381469727
1743622213.0888875	542.5	159.5	18.5
1743622213.126145	543.5	159.5	19.899999618530273
1743622213.1587734	545.5	158.5	22.399999618530273
1743622213.1958501	545.5	158.5	22.399999618530273
1743622213.2283075	547.5	158.5	24.299999237060547
1743622213.2656069	547.5	158.5	24.899999618530273
1743622213.2968495	545.5	158.5	22.399999618530273
1743622213.3412416	0	0	0
1743622213.3467646	549.5	159.5	25.700000762939453
1743622213.3950858	0	0	0
1743622213.4320474	549.5	159.5	25.200000762939453
1743622213.4793713	0	0	0
1743622213.4944263	547.5	157.5	23.5
1743622213.532605	546.5	159.5	23.200000762939453
1743622213.5674026	548.5	158.5	25.399999618530273
1743622213.5960646	546.5	157.5	23.5
1743622213.6316	548.5	159.5	25.200000762939453
1743622213.6771462	549.5	159.5	25.700000762939453
1743622213.7292652	544.5	159.5	21.100000381469727
1743622213.7580965	0	0	0
1743622213.7759023	549.5	158.5	24.899999618530273
1743622213.7988787	547.5	157.5	23.5
1743622213.8330379	547.5	157.5	23.5
1743622213.864335	549.5	158.5	24.600000381469727
1743622213.9057891	549.5	160.5	25.700000762939453
1743622213.9285626	547.5	157.5	24.0
1743622213.9690268	548.5	157.5	24.299999237060547
1743622214.003459	547.5	158.5	23.100000381469727
1743622214.0380986	550.5	158.5	24.299999237060547
1743622214.0718687	0	0	0
1743622214.0905712	544.5	159.5	19.600000381469727
1743622214.1239586	547.5	158.5	22.5
1743622214.1607938	548.5	157.5	22.899999618530273
1743622214.2101495	549.5	157.5	24.899999618530273
1743622214.2437747	0	0	0
1743622214.2612693	548.5	158.5	23.200000762939453
1743622214.302585	548.5	158.5	23.200000762939453
1743622214.3311265	0	0	0
1743622214.357363	548.5	158.5	23.100000381469727
1743622214.390585	549.5	157.5	22.899999618530273
1743622214.4244587	552.5	159.5	24.600000381469727
1743622214.459453	552.5	159.5	24.600000381469727
1743622214.5099432	549.5	157.5	23.5
1743622214.5391693	544.5	159.5	19.0
1743622214.5799265	550.5	157.5	23.0
1743622214.6257694	549.5	158.5	23.200000762939453
1743622214.666579	0	0	0
1743622214.678093	552.5	159.5	25.200000762939453
1743622214.7165358	549.5	158.5	23.600000381469727
1743622214.748784	0	0	0
1743622214.760358	0	0	0
1743622214.7673087	550.5	157.5	23.5
1743622214.8064358	0	0	0
1743622214.8244455	0	0	0
1743622214.8595645	551.5	157.5	22.899999618530273
1743622214.9071212	550.5	158.5	23.200000762939453
1743622214.9395072	551.5	157.5	22.899999618530273
1743622214.9766152	552.5	158.5	25.399999618530273
1743622215.014804	550.5	158.5	23.200000762939453
1743622215.0596724	0	0	0
1743622215.0649848	553.5	159.5	25.200000762939453
1743622215.110369	553.5	159.5	24.600000381469727
1743622215.143723	0	0	0
1743622215.1638725	0	0	0
1743622215.1918466	0	0	0
1743622215.2239606	552.5	157.5	24.600000381469727
1743622215.2741816	0	0	0
1743622215.2922065	551.5	158.5	23.600000381469727
1743622215.3417532	552.5	157.5	22.899999618530273
1743622215.3769655	552.5	158.5	23.200000762939453
1743622215.4187758	552.5	158.5	23.200000762939453
1743622215.4596117	552.5	158.5	23.600000381469727
1743622215.4934032	0	0	0
1743622215.5111873	0	0	0
1743622215.5234478	553.5	158.5	23.600000381469727
1743622215.5650783	0	0	0
1743622215.591519	0	0	0
1743622215.6239266	554.5	158.5	23.600000381469727
1743622215.668436	0	0	0
1743622215.6913662	556.5	159.5	25.200000762939453
1743622215.7306328	0	0	0
1743622215.7677114	554.5	157.5	22.899999618530273
1743622215.7911427	555.5	157.5	22.899999618530273
1743622215.8375056	555.5	157.5	23.5
1743622215.880757	555.5	157.5	22.799999237060547
1743622215.9160519	0	0	0
1743622215.9225698	554.5	158.5	20.799999237060547
1743622215.9601057	556.5	157.5	23.5
1743622215.998708	558.5	159.5	25.200000762939453
1743622216.034697	559.5	158.5	25.399999618530273
1743622216.0651426	0	0	0
1743622216.091976	0	0	0
1743622216.1233592	561.5	158.5	24.299999237060547
1743622216.1596508	558.5	157.5	22.899999618530273
1743622216.1985183	559.5	157.5	23.5
1743622216.223847	560.5	158.5	24.899999618530273
1743622216.2758772	0	0	0
1743622216.291804	563.5	159.5	25.700000762939453
1743622216.325103	561.5	157.5	23.5
1743622216.37692	0	0	0
1743622216.3910675	562.5	158.5	24.899999618530273
1743622216.4254313	564.5	159.5	25.200000762939453
1743622216.4652123	559.5	159.5	20.700000762939453
1743622216.497124	565.5	158.5	25.399999618530273
1743622216.5345418	565.5	158.5	25.399999618530273
1743622216.5813951	0	0	0
1743622216.5912287	0	0	0
1743622216.6283746	560.5	159.5	19.0
1743622216.67832	566.5	157.5	23.0
1743622216.710864	0	0	0
1743622216.7313588	566.5	157.5	24.0
1743622216.7792659	567.5	157.5	24.100000381469727
1743622216.8124256	567.5	158.5	23.200000762939453
1743622216.8466368	0	0	0
1743622216.867047	568.5	157.5	23.200000762939453
1743622216.8987548	570.5	157.5	25.100000381469727
1743622216.946622	571.5	157.5	25.399999618530273
1743622216.9795737	569.5	158.5	23.200000762939453
1743622217.0155873	571.5	157.5	23.200000762939453
1743622217.058858	572.5	157.5	24.299999237060547
1743622217.0884912	0	0	0
1743622217.1122036	571.5	158.5	22.5
1743622217.133393	571.5	158.5	22.299999237060547
1743622217.181903	572.5	158.5	22.0
1743622217.2035582	573.5	158.5	22.5
1743622217.2474928	574.5	158.5	23.0
1743622217.2687654	574.5	158.5	22.799999237060547
1743622217.313656	574.5	158.5	22.0
1743622217.334974	576.5	158.5	23.799999237060547
1743622217.3806694	578.5	158.5	24.299999237060547
1743622217.4020462	577.5	158.5	23.799999237060547
1743622217.4486308	577.5	158.5	22.0
1743622217.483179	580.5	158.5	24.299999237060547
1743622217.5287173	577.5	159.5	21.200000762939453
1743622217.558703	0	0	0
1743622217.5797725	0	0	0
1743622217.591191	0	0	0
1743622217.6285336	0	0	0
1743622217.6594691	0	0	0
1743622217.6922	0	0	0
1743622217.7276723	0	0	0
1743622217.7603025	0	0	0
1743622217.7913334	0	0	0
1743622217.8334765	587.5	157.5	24.299999237060547
1743622217.878457	0	0	0
1743622217.8919432	0	0	0
1743622217.968312	586.5	159.5	21.0
1743622218.0216367	0	0	0
1743622218.0660672	0	0	0
1743622218.1135287	0	0	0
1743622218.1574264	0	0	0
1743622218.199891	589.5	159.5	19.299999237060547
1743622218.250157	0	0	0
1743622218.2855113	0	0	0
1743622218.326922	0	0	0
1743622218.3701735	0	0	0
1743622218.4018476	0	0	0
1743622218.4492757	0	0	0
1743622218.4913275	0	0	0
1743622218.5385897	0	0	0
1743622218.5761535	0	0	0
1743622218.6172025	0	0	0
1743622218.6501856	0	0	0
1743622218.7011824	603.5	159.5	20.200000762939453
1743622218.7492049	0	0	0
1743622218.7840364	611.5	160.5	26.700000762939453
1743622218.8185406	0	0	0
1743622218.835438	0	0	0
1743622218.84138	593.5	213.5	32.900001525878906
1743622218.863233	0	0	0
1743622218.8809915	596.5	227.5	33.79999923706055
1743622218.9024293	0	0	0
1743622218.9080977	0	0	0
1743622218.932867	0	0	0
1743622218.9591434	0	0	0
1743622218.9957902	0	0	0
1743622219.027522	0	0	0
1743622219.0600085	0	0	0
1743622219.1058033	593.5	209.5	28.600000381469727
1743622219.1282678	592.5	214.5	39.5
1743622219.1782331	595.5	202.5	41.900001525878906
1743622219.2005608	0	0	0
1743622219.2335625	0	0	0
1743622219.259942	0	0	0
1743622219.295028	0	0	0
1743622219.328181	0	0	0
1743622219.3594337	582.5	230.5	48.900001525878906
1743622219.4008448	0	0	0
1743622219.4272182	0	0	0
1743622219.4601426	0	0	0
1743622219.4955225	610.5	159.5	26.600000381469727
1743622219.5471811	593.5	225.5	28.600000381469727
1743622219.569348	0	0	0
1743622219.60282	591.5	226.5	27.700000762939453
1743622219.6383958	591.5	226.5	27.399999618530273
1743622219.687453	0	0	0
1743622219.6949139	0	0	0
1743622219.7273676	0	0	0
1743622219.7675648	593.5	159.5	20.200000762939453
1743622219.831255	591.5	159.5	20.200000762939453
1743622219.8774402	0	0	0
1743622219.8965242	0	0	0
1743622219.901903	0	0	0
1743622219.9279304	582.5	159.5	20.200000762939453
1743622219.9670777	0	0	0
1743622219.9964037	0	0	0
1743622220.0273216	0	0	0
1743622220.0598981	0	0	0
1743622220.0953546	0	0	0
1743622220.1281302	0	0	0
1743622220.168565	578.5	159.5	21.0
1743622220.1961498	0	0	0
1743622220.2271988	0	0	0
1743622220.264238	610.5	292.5	31.899999618530273
1743622220.2959344	0	0	0
1743622220.3276803	0	0	0
1743622220.3630226	0	0	0
1743622220.3962584	0	0	0
1743622220.4277732	0	0	0
1743622220.463431	0	0	0
1743622220.4953308	580.5	158.5	23.200000762939453
1743622220.5357313	0	0	0
1743622220.563496	0	0	0
1743622220.5958042	0	0	0
1743622220.627903	0	0	0
1743622220.6644378	0	0	0
1743622220.6954486	0	0	0
1743622220.7282388	0	0	0
1743622220.763754	580.5	158.5	22.100000381469727
1743622220.7959135	0	0	0
1743622220.8272858	578.5	159.5	20.700000762939453
1743622220.869459	0	0	0
1743622220.8955867	0	0	0
1743622220.9275343	0	0	0
1743622220.9641113	0	0	0
1743622220.9960465	0	0	0
1743622221.0281315	0	0	0
1743622221.0640936	0	0	0
1743622221.0947006	0	0	0
1743622221.127964	0	0	0
1743622221.1634629	0	0	0
1743622221.196351	0	0	0
1743622221.2272274	0	0	0
1743622221.264417	587.5	159.5	24.899999618530273
1743622221.3054938	0	0	0
1743622221.3277593	0	0	0
1743622221.3631094	0	0	0
1743622221.3961248	0	0	0
1743622221.4272773	0	0	0
1743622221.4640899	0	0	0
1743622221.4959557	0	0	0
1743622221.5289874	0	0	0
1743622221.564118	0	0	0
1743622221.5971713	584.5	157.5	24.299999237060547
1743622221.6377099	0	0	0
1743622221.6648011	0	0	0
1743622221.6955523	0	0	0
1743622221.7286282	581.5	159.5	20.700000762939453
1743622221.7753382	0	0	0
1743622221.7966018	0	0	0
1743622221.8280952	589.5	159.5	25.0
1743622221.872225	0	0	0
1743622221.8953934	0	0	0
1743622221.9286435	589.5	159.5	25.200000762939453
1743622221.9725335	0	0	0
1743622221.9969637	0	0	0
1743622222.027716	0	0	0
1743622222.065362	589.5	159.5	25.799999237060547
1743622222.105554	0	0	0
1743622222.1324258	0	0	0
1743622222.1636605	0	0	0
1743622222.1962907	0	0	0
1743622222.2316804	0	0	0
1743622222.2648926	558.5	235.5	28.899999618530273
1743622222.3061533	0	0	0
1743622222.3327825	0	0	0
1743622222.3637805	582.5	159.5	20.700000762939453
1743622222.4075603	0	0	0
1743622222.431446	0	0	0
1743622222.4643881	0	0	0
1743622222.4962404	582.5	159.5	20.100000381469727
1743622222.5414894	0	0	0
1743622222.5640702	0	0	0
1743622222.597043	586.5	156.5	24.5
1743622222.6408846	0	0	0
1743622222.6646323	0	0	0
1743622222.6958132	0	0	0
1743622222.7330096	0	0	0
1743622222.7640262	612.5	287.5	57.0
1743622222.8083053	0	0	0
1743622222.831577	0	0	0
1743622222.8641467	0	0	0
1743622222.8957765	0	0	0
1743622222.9323416	0	0	0
1743622222.9634347	0	0	0
1743622222.9966633	584.5	158.5	22.700000762939453
1743622223.0437973	0	0	0
1743622223.0647173	0	0	0
1743622223.0959635	0	0	0
1743622223.1316621	0	0	0
1743622223.1639063	0	0	0
1743622223.1968286	0	0	0
1743622223.232001	585.5	157.5	23.899999618530273
1743622223.275193	0	0	0
1743622223.296267	0	0	0
1743622223.3329813	0	0	0
1743622223.3640985	0	0	0
1743622223.3966603	0	0	0
1743622223.4313848	0	0	0
1743622223.46469	581.5	158.5	21.0
1743622223.5074222	0	0	0
1743622223.5327826	588.5	159.5	25.200000762939453
1743622223.5748312	583.5	158.5	23.200000762939453
1743622223.5984437	0	0	0
1743622223.6318932	0	0	0
1743622223.6644998	0	0	0
1743622223.6951761	0	0	0
1743622223.7321563	0	0	0
1743622223.763902	0	0	0
1743622223.7966027	0	0	0
1743622223.8322475	0	0	0
1743622223.8644783	0	0	0
1743622223.895986	0	0	0
1743622223.932224	0	0	0
1743622223.9643085	0	0	0
1743622224.0008516	582.5	158.5	24.100000381469727
1743622224.0429149	0	0	0
1743622224.0644615	0	0	0
1743622224.0998204	0	0	0
1743622224.1328824	0	0	0
1743622224.1639643	0	0	0
1743622224.2003105	0	0	0
1743622224.2314944	0	0	0
1743622224.2646787	578.5	159.5	20.700000762939453
1743622224.31072	578.5	159.5	20.700000762939453
1743622224.334256	569.5	190.5	47.70000076293945
1743622224.3762317	0	0	0
1743622224.4011364	0	0	0
1743622224.4317765	0	0	0
1743622224.4645488	0	0	0
1743622224.5001483	0	0	0
1743622224.5323088	0	0	0
1743622224.5636563	0	0	0
1743622224.600978	583.5	158.5	24.899999618530273
1743622224.643095	0	0	0
1743622224.6635342	575.5	160.5	18.100000381469727
1743622224.7108257	0	0	0
1743622224.7320187	0	0	0
1743622224.7639885	0	0	0
1743622224.7994113	0	0	0
1743622224.8317783	0	0	0
1743622224.863464	0	0	0
1743622224.9003127	0	0	0
1743622224.931102	578.5	158.5	22.0
1743622224.9744973	0	0	0
1743622225.0001564	578.5	158.5	22.100000381469727
1743622225.042315	579.5	158.5	23.799999237060547
1743622225.0659723	0	0	0
1743622225.0996542	0	0	0
1743622225.1327975	578.5	158.5	22.0
1743622225.1751723	578.5	158.5	23.200000762939453
1743622225.200711	0	0	0
1743622225.231786	578.5	158.5	23.200000762939453
1743622225.2756927	580.5	157.5	23.799999237060547
1743622225.315223	577.5	158.5	22.100000381469727
1743622225.362594	0	0	0
1743622225.3688452	0	0	0
1743622225.401264	0	0	0
1743622225.43196	580.5	158.5	25.399999618530273
1743622225.4754446	0	0	0
1743622225.500118	0	0	0
1743622225.5326009	0	0	0
1743622225.5639076	579.5	158.5	24.299999237060547
1743622225.6113331	0	0	0
1743622225.6320658	0	0	0
1743622225.6645446	577.5	158.5	23.200000762939453
1743622225.70347	575.5	158.5	21.299999237060547
1743622225.739222	0	0	0
1743622225.7645833	577.5	158.5	23.5
1743622225.8034976	576.5	158.5	24.899999618530273
1743622225.8381705	0	0	0
1743622225.8685257	575.5	158.5	22.399999618530273
1743622225.9046385	596.5	261.5	30.899999618530273
1743622225.9330006	0	0	0
1743622225.9687386	0	0	0
1743622226.0006325	575.5	158.5	22.5
1743622226.0392308	576.5	158.5	23.600000381469727
1743622226.0704517	0	0	0
1743622226.100244	0	0	0
1743622226.1321666	0	0	0
1743622226.1675699	575.5	157.5	24.0
1743622226.2130992	575.5	158.5	24.299999237060547
1743622226.255057	574.5	158.5	23.200000762939453
1743622226.2934835	574.5	158.5	23.200000762939453
1743622226.3338478	0	0	0
1743622226.3462465	573.5	158.5	22.100000381469727
1743622226.391376	574.5	158.5	23.5
1743622226.4315293	574.5	158.5	24.299999237060547
1743622226.4891644	573.5	158.5	23.200000762939453
1743622226.552031	0	0	0
1743622226.6042514	574.5	157.5	24.299999237060547
1743622226.6672778	0	0	0
1743622226.7039676	572.5	158.5	22.100000381469727
1743622226.7701893	573.5	157.5	23.799999237060547
1743622226.8250327	574.5	157.5	24.299999237060547
1743622226.8801358	573.5	157.5	24.0
1743622226.932714	574.5	157.5	23.899999618530273
1743622226.9989972	572.5	158.5	22.100000381469727
1743622227.0486467	574.5	157.5	24.299999237060547
1743622227.109856	574.5	158.5	23.600000381469727
1743622227.1676009	574.5	158.5	23.5
1743622227.2176785	0	0	0
1743622227.2572923	574.5	158.5	23.200000762939453
1743622227.301344	0	0	0
1743622227.3145275	575.5	158.5	24.899999618530273
1743622227.3368359	0	0	0
1743622227.3428771	574.5	157.5	24.100000381469727
1743622227.3921428	574.5	158.5	24.299999237060547
1743622227.4118438	574.5	158.5	24.299999237060547
1743622227.4342065	574.5	157.5	23.799999237060547
1743622227.464642	574.5	157.5	24.299999237060547
1743622227.498583	573.5	158.5	23.600000381469727
1743622227.5316825	573.5	157.5	23.899999618530273
1743622227.5646527	573.5	158.5	23.600000381469727
1743622227.6052973	572.5	158.5	23.200000762939453
