timestamp	x	y	r
1743622676.3186321	0	0	0
1743622676.344427	0	0	0
1743622676.3796363	469.5	155.5	22.100000381469727
1743622676.4959412	0	0	0
1743622676.5341387	0	0	0
1743622676.5829747	0	0	0
1743622676.6251965	0	0	0
1743622676.6641695	468.5	156.5	21.299999237060547
1743622676.7189522	468.5	156.5	21.0
1743622676.818351	469.5	156.5	22.600000381469727
1743622676.8771262	0	0	0
1743622676.926462	469.5	156.5	21.600000381469727
1743622676.976977	468.5	156.5	21.0
1743622677.0293534	0	0	0
1743622677.0677943	468.5	156.5	21.299999237060547
1743622677.119444	0	0	0
1743622677.1606555	0	0	0
1743622677.200477	0	0	0
1743622677.2284973	0	0	0
1743622677.2679145	0	0	0
1743622677.304458	0	0	0
1743622677.3490844	0	0	0
1743622677.386136	468.5	156.5	21.799999237060547
1743622677.4348602	0	0	0
1743622677.4746091	0	0	0
1743622677.5165482	0	0	0
1743622677.5554767	0	0	0
1743622677.6052427	468.5	156.5	21.0
1743622677.6583314	0	0	0
1743622677.7109654	468.5	156.5	21.0
1743622677.7595105	468.5	156.5	21.399999618530273
1743622677.8151627	468.5	156.5	21.399999618530273
1743622677.8650544	0	0	0
1743622677.8811724	469.5	155.5	22.100000381469727
1743622677.901838	0	0	0
1743622677.9100883	0	0	0
1743622677.9184656	0	0	0
1743622677.9269412	0	0	0
1743622677.9472914	0	0	0
1743622677.9801135	469.5	156.5	20.799999237060547
1743622678.012026	468.5	156.5	21.0
1743622678.0478542	470.5	155.5	23.200000762939453
1743622678.0800662	0	0	0
1743622678.1112876	468.5	156.5	20.799999237060547
1743622678.1478572	0	0	0
1743622678.1810868	468.5	156.5	21.0
1743622678.2116282	0	0	0
1743622678.2485735	468.5	156.5	21.399999618530273
1743622678.2828035	469.5	156.5	22.5
1743622678.3116515	0	0	0
1743622678.3474658	0	0	0
1743622678.3805833	0	0	0
1743622678.4159997	470.5	155.5	23.200000762939453
1743622678.4471786	0	0	0
1743622678.4793591	0	0	0
1743622678.5153384	0	0	0
1743622678.5477903	0	0	0
1743622678.580212	0	0	0
1743622678.6155884	470.5	155.5	23.299999237060547
1743622678.6507528	470.5	155.5	22.899999618530273
1743622678.6825032	469.5	156.5	22.399999618530273
1743622678.7177474	469.5	156.5	22.5
1743622678.7610962	0	0	0
1743622678.7809012	469.5	156.5	22.399999618530273
1743622678.8166122	469.5	156.5	22.299999237060547
1743622678.852583	0	0	0
1743622678.9122186	469.5	156.5	22.299999237060547
1743622678.9768102	469.5	156.5	20.799999237060547
1743622679.0282788	0	0	0
1743622679.0573816	470.5	155.5	22.899999618530273
1743622679.1166353	0	0	0
1743622679.1439908	0	0	0
1743622679.1902134	469.5	156.5	20.799999237060547
1743622679.2481327	470.5	155.5	23.5
1743622679.2895572	0	0	0
1743622679.32913	469.5	156.5	22.0
1743622679.3811078	0	0	0
1743622679.4415264	0	0	0
1743622679.4746048	0	0	0
1743622679.5105393	471.5	155.5	22.899999618530273
1743622679.5644112	0	0	0
1743622679.6132307	0	0	0
1743622679.6441998	0	0	0
1743622679.6767616	0	0	0
1743622679.7131865	0	0	0
1743622679.7521346	468.5	155.5	22.899999618530273
1743622679.7904873	0	0	0
1743622679.815547	465.5	156.5	20.799999237060547
1743622679.8401964	466.5	155.5	22.899999618530273
1743622679.8678029	464.5	155.5	21.5
1743622679.888292	463.5	156.5	21.299999237060547
1743622679.9085288	463.5	155.5	22.399999618530273
1743622679.928951	0	0	0
1743622679.9352643	0	0	0
1743622679.9456615	0	0	0
1743622679.9779723	0	0	0
1743622680.0201294	460.5	155.5	23.0
1743622680.0508473	458.5	155.5	23.200000762939453
1743622680.077243	0	0	0
1743622680.1146078	454.5	156.5	21.299999237060547
1743622680.1450922	452.5	156.5	20.299999237060547
1743622680.176951	0	0	0
1743622680.2138147	450.5	156.5	21.700000762939453
1743622680.2454135	448.5	156.5	21.0
1743622680.2861328	0	0	0
1743622680.3138092	0	0	0
1743622680.3450766	0	0	0
1743622680.381421	0	0	0
1743622680.4138505	0	0	0
1743622680.445314	0	0	0
1743622680.481108	0	0	0
1743622680.5142689	438.5	155.5	23.899999618530273
1743622680.5451126	0	0	0
1743622680.5814645	0	0	0
1743622680.6133473	0	0	0
1743622680.6456165	0	0	0
1743622680.6821144	0	0	0
1743622680.7140121	0	0	0
1743622680.7453349	0	0	0
1743622680.7813098	0	0	0
1743622680.8385189	0	0	0
1743622680.8757102	0	0	0
1743622680.9156005	0	0	0
1743622680.9570284	413.5	155.5	23.600000381469727
1743622680.997638	0	0	0
1743622681.04244	403.5	156.5	18.100000381469727
1743622681.0854008	0	0	0
1743622681.0919864	403.5	155.5	22.5
1743622681.112645	0	0	0
1743622681.1191142	0	0	0
1743622681.1458268	0	0	0
1743622681.1813982	0	0	0
1743622681.2133927	0	0	0
1743622681.2456064	0	0	0
1743622681.2817173	0	0	0
1743622681.3137932	0	0	0
1743622681.3450274	0	0	0
1743622681.382662	0	0	0
1743622681.413158	0	0	0
1743622681.4456484	0	0	0
1743622681.4811916	0	0	0
1743622681.5138452	363.5	155.5	23.200000762939453
1743622681.544906	360.5	154.5	22.399999618530273
1743622681.581499	356.5	155.5	22.899999618530273
1743622681.6141932	0	0	0
1743622681.6453629	0	0	0
1743622681.6808128	0	0	0
1743622681.713886	0	0	0
1743622681.745484	0	0	0
1743622681.7819886	0	0	0
1743622681.8131394	0	0	0
1743622681.8452365	0	0	0
1743622681.8814888	0	0	0
1743622681.9140375	0	0	0
1743622681.9453166	0	0	0
1743622681.981624	0	0	0
1743622682.0134726	0	0	0
1743622682.0456288	0	0	0
1743622682.0809224	0	0	0
1743622682.113566	0	0	0
1743622682.1731355	0	0	0
1743622682.2081993	0	0	0
1743622682.2402716	285.5	155.5	23.200000762939453
1743622682.2765405	0	0	0
1743622682.2824667	277.5	155.5	23.600000381469727
1743622682.315193	272.5	155.5	22.5
1743622682.3493035	267.5	155.5	21.600000381469727
1743622682.3818548	260.5	155.5	19.399999618530273
1743622682.4137928	0	0	0
1743622682.4500487	253.5	155.5	21.600000381469727
1743622682.481942	0	0	0
1743622682.5139902	243.5	155.5	20.399999618530273
1743622682.5489511	0	0	0
1743622682.582004	0	0	0
1743622682.613113	0	0	0
1743622682.6505423	0	0	0
1743622682.6813946	0	0	0
1743622682.7139802	0	0	0
1743622682.7491567	208.5	156.5	20.299999237060547
1743622682.7815537	0	0	0
1743622682.8131337	197.5	155.5	19.100000381469727
1743622682.849363	0	0	0
1743622682.8815665	0	0	0
1743622682.9130301	0	0	0
1743622682.949382	0	0	0
1743622682.9816606	0	0	0
1743622683.0150201	0	0	0
1743622683.0501046	0	0	0
1743622683.0813313	0	0	0
1743622683.1130753	147.5	156.5	18.0
1743622683.1490135	0	0	0
1743622683.1806853	0	0	0
1743622683.2138026	0	0	0
1743622683.2498856	133.5	154.5	20.700000762939453
1743622683.281053	0	0	0
1743622683.3132176	0	0	0
1743622683.349415	0	0	0
1743622683.3821967	0	0	0
1743622683.413646	101.5	156.5	24.600000381469727
1743622683.4496357	0	0	0
1743622683.481379	0	0	0
1743622683.514167	0	0	0
1743622683.5489755	0	0	0
1743622683.5811896	0	0	0
1743622683.6134276	0	0	0
1743622683.6496327	0	0	0
1743622683.6813035	0	0	0
1743622683.713283	0	0	0
1743622683.7490885	0	0	0
1743622683.80801	0	0	0
1743622683.837466	0	0	0
1743622683.8744957	0	0	0
1743622683.883086	0	0	0
1743622683.9178288	0	0	0
1743622683.949076	0	0	0
1743622683.9818234	0	0	0
1743622684.0171876	0	0	0
1743622684.0492747	0	0	0
1743622684.0812209	0	0	0
1743622684.1173675	0	0	0
1743622684.1487572	0	0	0
1743622684.1812577	0	0	0
1743622684.2170217	0	0	0
1743622684.249655	0	0	0
1743622684.2813063	0	0	0
1743622684.3178139	0	0	0
1743622684.3489366	0	0	0
1743622684.3812516	0	0	0
1743622684.4170337	0	0	0
1743622684.4792821	0	0	0
1743622684.5124557	0	0	0
1743622684.5386457	0	0	0
1743622684.5490415	0	0	0
1743622684.58163	0	0	0
1743622684.6171637	0	0	0
1743622684.6495879	0	0	0
1743622684.6808634	0	0	0
1743622684.717569	0	0	0
1743622684.749415	0	0	0
1743622684.7815375	0	0	0
1743622684.817315	0	0	0
1743622684.8495102	0	0	0
1743622684.8812487	0	0	0
1743622684.9172869	0	0	0
1743622684.9493537	0	0	0
1743622684.9812725	0	0	0
1743622685.016932	0	0	0
1743622685.04972	0	0	0
1743622685.080494	0	0	0
1743622685.1176517	0	0	0
1743622685.1490219	0	0	0
1743622685.181968	0	0	0
1743622685.2175078	0	0	0
1743622685.2497623	0	0	0
1743622685.2813125	0	0	0
1743622685.317837	0	0	0
1743622685.3496535	0	0	0
1743622685.3823113	0	0	0
1743622685.4174635	0	0	0
1743622685.4497418	0	0	0
1743622685.4818578	0	0	0
1743622685.51805	0	0	0
1743622685.5485432	0	0	0
1743622685.5835886	0	0	0
1743622685.6180928	0	0	0
1743622685.6498997	0	0	0
1743622685.681479	0	0	0
1743622685.7182186	0	0	0
1743622685.749622	0	0	0
1743622685.7865877	0	0	0
1743622685.8172462	0	0	0
1743622685.8497806	0	0	0
1743622685.8854527	0	0	0
1743622685.917221	0	0	0
1743622685.949405	0	0	0
1743622685.9865189	0	0	0
1743622686.017461	0	0	0
1743622686.0499876	0	0	0
1743622686.1211188	0	0	0
1743622686.1672044	0	0	0
1743622686.2060928	0	0	0
1743622686.2474527	0	0	0
1743622686.2969728	0	0	0
1743622686.3464282	0	0	0
1743622686.3868399	0	0	0
1743622686.4272382	0	0	0
1743622686.4717653	0	0	0
1743622686.5063508	0	0	0
1743622686.5516207	0	0	0
1743622686.589398	0	0	0
1743622686.640448	0	0	0
1743622686.6794567	0	0	0
1743622686.7200747	0	0	0
1743622686.769342	0	0	0
1743622686.8153121	0	0	0
1743622686.8694847	0	0	0
1743622686.9049263	0	0	0
1743622686.9441714	0	0	0
1743622686.9863837	0	0	0
1743622687.0294	0	0	0
1743622687.0426903	0	0	0
1743622687.0487983	0	0	0
1743622687.0543132	0	0	0
1743622687.0599468	0	0	0
1743622687.0848768	0	0	0
1743622687.1182888	0	0	0
1743622687.1766775	0	0	0
1743622687.214964	0	0	0
1743622687.2519805	0	0	0
1743622687.266789	0	0	0
1743622687.2849712	0	0	0
1743622687.3170218	0	0	0
1743622687.3488512	0	0	0
1743622687.3850973	0	0	0
1743622687.417218	0	0	0
1743622687.4492633	0	0	0
1743622687.4850068	0	0	0
1743622687.5174234	0	0	0
1743622687.549518	0	0	0
1743622687.5856273	0	0	0
1743622687.6172593	0	0	0
1743622687.655118	0	0	0
1743622687.684934	0	0	0
1743622687.717589	0	0	0
1743622687.75334	0	0	0
1743622687.7854593	0	0	0
1743622687.8170497	0	0	0
1743622687.8533182	0	0	0
1743622687.8852882	0	0	0
1743622687.9174771	0	0	0
1743622687.9531853	0	0	0
1743622687.985349	0	0	0
1743622688.017537	0	0	0
1743622688.0530622	0	0	0
1743622688.0854487	0	0	0
1743622688.1176326	0	0	0
1743622688.179344	0	0	0
1743622688.2147174	0	0	0
1743622688.2468593	0	0	0
1743622688.2523828	0	0	0
1743622688.2854092	0	0	0
1743622688.31795	0	0	0
1743622688.3521457	0	0	0
1743622688.3853877	0	0	0
1743622688.4168167	0	0	0
1743622688.4529028	0	0	0
1743622688.485128	0	0	0
1743622688.5169141	0	0	0
1743622688.5533378	0	0	0
1743622688.585838	0	0	0
1743622688.6173387	0	0	0
1743622688.6537838	0	0	0
1743622688.6853783	0	0	0
1743622688.717187	0	0	0
1743622688.7525468	0	0	0
1743622688.806993	0	0	0
1743622688.8468041	0	0	0
1743622688.8861175	0	0	0
1743622688.9220629	0	0	0
1743622688.9574485	0	0	0
1743622688.9935472	0	0	0
1743622689.0440938	0	0	0
1743622689.0763333	0	0	0
1743622689.1158113	0	0	0
1743622689.158308	0	0	0
1743622689.2013118	0	0	0
1743622689.2380955	0	0	0
1743622689.2823975	0	0	0
1743622689.3181674	0	0	0
1743622689.3590097	0	0	0
1743622689.4005187	0	0	0
1743622689.451995	0	0	0
1743622689.4967842	0	0	0
1743622689.54352	0	0	0
1743622689.5834105	0	0	0
1743622689.6228046	0	0	0
1743622689.640918	0	0	0
1743622689.651354	0	0	0
1743622689.6658084	0	0	0
1743622689.6714642	0	0	0
1743622689.6851652	0	0	0
1743622689.721503	0	0	0
1743622689.7533822	0	0	0
1743622689.7855937	0	0	0
1743622689.8216083	0	0	0
1743622689.8536453	0	0	0
1743622689.8851354	0	0	0
1743622689.921625	0	0	0
1743622689.952762	0	0	0
1743622689.9852793	0	0	0
1743622690.0211701	0	0	0
1743622690.0541718	0	0	0
1743622690.0853395	0	0	0
1743622690.1213205	0	0	0
1743622690.1538763	0	0	0
1743622690.1859136	0	0	0
1743622690.221038	0	0	0
1743622690.253184	0	0	0
1743622690.2860267	0	0	0
1743622690.3216865	0	0	0
1743622690.3536277	0	0	0
1743622690.3859222	0	0	0
1743622690.4209232	0	0	0
1743622690.45349	0	0	0
1743622690.4854174	0	0	0
1743622690.5216265	0	0	0
1743622690.5530906	0	0	0
1743622690.5856674	0	0	0
1743622690.620477	0	0	0
1743622690.6535223	0	0	0
1743622690.6846495	0	0	0
1743622690.7214315	0	0	0
1743622690.7533739	0	0	0
1743622690.785354	0	0	0
1743622690.820752	0	0	0
1743622690.8535864	0	0	0
1743622690.8854806	0	0	0
1743622690.9214754	0	0	0
1743622690.953278	0	0	0
1743622690.9853003	0	0	0
1743622691.0208392	0	0	0
1743622691.0532217	0	0	0
1743622691.0846155	0	0	0
1743622691.1219807	0	0	0
1743622691.1535108	0	0	0
1743622691.186134	0	0	0
1743622691.221779	0	0	0
1743622691.2536135	0	0	0
1743622691.2888143	0	0	0
1743622691.3213716	0	0	0
1743622691.3531375	0	0	0
1743622691.390024	0	0	0
1743622691.4211047	0	0	0
1743622691.4536853	0	0	0
1743622691.488876	0	0	0
1743622691.521895	0	0	0
1743622691.5534997	0	0	0
1743622691.5897198	0	0	0
1743622691.6212287	0	0	0
1743622691.6553185	0	0	0
1743622691.6897664	0	0	0
1743622691.7216175	0	0	0
1743622691.752984	0	0	0
1743622691.7898052	0	0	0
1743622691.8221302	0	0	0
1743622691.8542023	0	0	0
1743622691.8893735	0	0	0
1743622691.921419	0	0	0
1743622691.9534552	0	0	0
1743622691.9903996	0	0	0
1743622692.0211806	0	0	0
1743622692.0541382	0	0	0
1743622692.0895548	0	0	0
1743622692.1218557	0	0	0
1743622692.1794417	0	0	0
1743622692.2173333	0	0	0
1743622692.2467773	0	0	0
1743622692.2538462	0	0	0
1743622692.2897656	0	0	0
1743622692.3211555	0	0	0
1743622692.3532438	0	0	0
1743622692.388845	0	0	0
1743622692.4211512	0	0	0
1743622692.4530494	0	0	0
1743622692.4895742	0	0	0
1743622692.5212107	0	0	0
1743622692.5530484	0	0	0
1743622692.589356	0	0	0
1743622692.6210032	0	0	0
1743622692.6819656	0	0	0
1743622692.7153828	0	0	0
1743622692.7433987	0	0	0
1743622692.7529988	0	0	0
1743622692.7892606	0	0	0
1743622692.8208532	0	0	0
1743622692.8533618	0	0	0
1743622692.8892493	0	0	0
1743622692.921659	0	0	0
1743622692.9530935	0	0	0
1743622692.9890754	0	0	0
1743622693.0216107	0	0	0
1743622693.0534067	0	0	0
1743622693.0891883	0	0	0
1743622693.1215377	0	0	0
1743622693.1568255	0	0	0
1743622693.1889153	0	0	0
1743622693.2202275	0	0	0
1743622693.2585044	0	0	0
1743622693.2891557	0	0	0
1743622693.3220694	0	0	0
1743622693.357787	0	0	0
1743622693.390022	0	0	0
1743622693.421414	0	0	0
1743622693.457615	0	0	0
1743622693.489701	0	0	0
1743622693.522459	0	0	0
1743622693.5580764	0	0	0
1743622693.5897005	0	0	0
1743622693.621142	0	0	0
1743622693.658637	0	0	0
1743622693.6896615	0	0	0
1743622693.7224576	0	0	0
1743622693.7570465	0	0	0
1743622693.7895684	0	0	0
1743622693.821748	0	0	0
1743622693.8581865	0	0	0
1743622693.8889592	0	0	0
1743622693.922155	0	0	0
1743622693.9579182	0	0	0
1743622693.9901574	0	0	0
1743622694.0220373	0	0	0
1743622694.057872	0	0	0
1743622694.0897055	0	0	0
1743622694.1228	0	0	0
1743622694.1569457	0	0	0
1743622694.189929	0	0	0
1743622694.2215614	0	0	0
1743622694.2576535	0	0	0
1743622694.2897227	0	0	0
1743622694.3213217	0	0	0
1743622694.3578517	0	0	0
1743622694.3893383	0	0	0
1743622694.4215612	0	0	0
1743622694.457924	0	0	0
1743622694.4896116	0	0	0
1743622694.522004	0	0	0
1743622694.5571399	0	0	0
1743622694.5896833	0	0	0
1743622694.620655	0	0	0
1743622694.6979492	0	0	0
1743622694.7363005	0	0	0
1743622694.7553096	0	0	0
1743622694.7607687	0	0	0
1743622694.7906716	0	0	0
1743622694.8213253	0	0	0
1743622694.858316	0	0	0
1743622694.8894625	0	0	0
1743622694.9221506	0	0	0
1743622694.957796	0	0	0
1743622694.990513	0	0	0
1743622695.0257726	0	0	0
1743622695.059033	0	0	0
1743622695.0893269	0	0	0
1743622695.1258662	0	0	0
1743622695.177075	0	0	0
1743622695.1900678	0	0	0
1743622695.225959	0	0	0
1743622695.2583272	0	0	0
1743622695.2892463	0	0	0
1743622695.3254273	0	0	0
1743622695.389331	0	0	0
1743622695.4321382	0	0	0
1743622695.464254	0	0	0
1743622695.4824781	0	0	0
1743622695.4928508	0	0	0
1743622695.561647	0	0	0
1743622695.5978541	0	0	0
1743622695.6459696	0	0	0
1743622695.6669202	0	0	0
1743622695.7006574	0	0	0
1743622695.7272317	0	0	0
1743622695.7554953	0	0	0
1743622695.8006916	0	0	0
1743622695.8429456	0	0	0
1743622695.8836539	0	0	0
1743622695.9152665	0	0	0
1743622695.9528325	0	0	0
1743622695.9996138	0	0	0
1743622696.0306618	0	0	0
1743622696.0718899	0	0	0
1743622696.1105075	0	0	0
1743622696.146484	0	0	0
1743622696.1605117	0	0	0
1743622696.189277	0	0	0
1743622696.2200735	0	0	0
1743622696.2576935	0	0	0
1743622696.301337	0	0	0
1743622696.345008	0	0	0
1743622696.3892748	0	0	0
1743622696.4422858	0	0	0
1743622696.4756107	0	0	0
1743622696.5129764	0	0	0
1743622696.5348818	0	0	0
1743622696.574325	0	0	0
1743622696.5880322	0	0	0
1743622696.6174538	0	0	0
1743622696.639661	0	0	0
1743622696.645449	0	0	0
1743622696.650643	0	0	0
1743622696.6820962	166.5	298.5	34.099998474121094
1743622696.7257779	0	0	0
1743622696.7666295	0	0	0
1743622696.8000968	0	0	0
1743622696.8359308	0	0	0
1743622696.8694987	0	0	0
1743622696.9107506	0	0	0
1743622696.950271	0	0	0
1743622696.9822788	0	0	0
1743622697.0109508	0	0	0
1743622697.0473602	0	0	0
1743622697.0815413	0	0	0
1743622697.12287	0	0	0
1743622697.1536546	0	0	0
1743622697.2051008	0	0	0
1743622697.2585056	0	0	0
1743622697.3171122	0	0	0
1743622697.3610122	0	0	0
1743622697.4059558	0	0	0
1743622697.4304125	0	0	0
1743622697.4697645	0	0	0
1743622697.512033	0	0	0
1743622697.5324059	0	0	0
1743622697.5376914	0	0	0
1743622697.5443728	0	0	0
1743622697.549977	0	0	0
1743622697.5574162	0	0	0
1743622697.5933807	0	0	0
1743622697.6262276	0	0	0
1743622697.6577094	0	0	0
1743622697.7250268	0	0	0
1743622697.7620068	0	0	0
1743622697.8016493	0	0	0
1743622697.8155062	0	0	0
1743622697.8262708	0	0	0
1743622697.857077	0	0	0
1743622697.8942087	0	0	0
1743622697.9245982	0	0	0
1743622697.9568975	0	0	0
1743622697.9930072	0	0	0
1743622698.0255268	0	0	0
1743622698.0574934	0	0	0
1743622698.0933948	0	0	0
1743622698.1248026	0	0	0
1743622698.1575546	0	0	0
1743622698.1930897	0	0	0
1743622698.2255702	0	0	0
1743622698.2565389	0	0	0
1743622698.3231928	0	0	0
1743622698.3566277	0	0	0
1743622698.3937876	0	0	0
1743622698.4230223	0	0	0
1743622698.4293106	0	0	0
1743622698.4572318	0	0	0
1743622698.4938664	0	0	0
1743622698.5255063	0	0	0
1743622698.5574849	0	0	0
1743622698.5931656	0	0	0
1743622698.625477	0	0	0
1743622698.6611233	0	0	0
1743622698.693749	0	0	0
1743622698.7252848	0	0	0
1743622698.761228	0	0	0
1743622698.7937548	0	0	0
1743622698.8260174	0	0	0
1743622698.861262	0	0	0
1743622698.8932385	0	0	0
1743622698.9249454	0	0	0
1743622698.993507	0	0	0
1743622699.0266552	0	0	0
1743622699.0650928	0	0	0
1743622699.0825121	0	0	0
1743622699.0937924	0	0	0
1743622699.1502745	0	0	0
1743622699.1915653	0	0	0
1743622699.214172	0	0	0
1743622699.2254481	0	0	0
1743622699.2610977	0	0	0
1743622699.2933257	0	0	0
1743622699.324691	0	0	0
1743622699.3618672	0	0	0
1743622699.3936887	0	0	0
1743622699.4257538	0	0	0
1743622699.461327	0	0	0
1743622699.4939563	0	0	0
1743622699.5251083	0	0	0
1743622699.5614426	0	0	0
1743622699.593009	0	0	0
1743622699.625518	0	0	0
1743622699.6607552	0	0	0
1743622699.6941273	0	0	0
1743622699.725177	0	0	0
1743622699.7618792	0	0	0
1743622699.793018	0	0	0
1743622699.825615	0	0	0
1743622699.8612225	0	0	0
1743622699.893998	0	0	0
1743622699.925105	0	0	0
1743622699.9617596	0	0	0
1743622699.9933438	0	0	0
1743622700.0511854	0	0	0
1743622700.0869832	0	0	0
1743622700.1246061	0	0	0
1743622700.1311908	0	0	0
1743622700.1947074	0	0	0
1743622700.237	0	0	0
1743622700.2745187	0	0	0
1743622700.3089073	0	0	0
1743622700.3485954	0	0	0
1743622700.384571	0	0	0
1743622700.4321616	0	0	0
1743622700.4768362	0	0	0
1743622700.515758	166.5	298.5	33.099998474121094
1743622700.5576677	0	0	0
1743622700.59464	0	0	0
1743622700.6339972	0	0	0
1743622700.669105	0	0	0
1743622700.7240446	0	0	0
1743622700.768902	0	0	0
1743622700.8032317	0	0	0
1743622700.8434522	0	0	0
1743622700.8753502	0	0	0
1743622700.919162	0	0	0
1743622700.95646	0	0	0
1743622700.9893982	0	0	0
1743622701.0012949	0	0	0
1743622701.0172572	0	0	0
1743622701.022946	0	0	0
1743622701.0292954	0	0	0
1743622701.0752287	0	0	0
1743622701.0942178	0	0	0
1743622701.1295245	0	0	0
1743622701.1611152	0	0	0
1743622701.1930785	0	0	0
1743622701.22934	0	0	0
1743622701.2613375	0	0	0
1743622701.2934248	0	0	0
1743622701.3531134	0	0	0
1743622701.3960133	0	0	0
1743622701.4306347	0	0	0
1743622701.4671495	0	0	0
1743622701.4969802	0	0	0
1743622701.529713	0	0	0
1743622701.5573812	0	0	0
1743622701.592171	0	0	0
1743622701.6240032	0	0	0
1743622701.6409993	0	0	0
1743622701.6611571	0	0	0
1743622701.6930122	0	0	0
1743622701.7294126	0	0	0
1743622701.7615159	0	0	0
1743622701.7934828	0	0	0
1743622701.8293834	0	0	0
1743622701.8612242	0	0	0
1743622701.8933017	0	0	0
1743622701.9295638	0	0	0
1743622701.961793	0	0	0
1743622701.9933443	0	0	0
1743622702.0575974	0	0	0
1743622702.093281	0	0	0
1743622702.123051	0	0	0
1743622702.1286745	0	0	0
1743622702.1611388	0	0	0
1743622702.1931515	0	0	0
1743622702.2551982	0	0	0
1743622702.287805	0	0	0
1743622702.3201036	0	0	0
1743622702.3389356	0	0	0
1743622702.3613153	0	0	0
1743622702.3968315	0	0	0
1743622702.4289663	0	0	0
1743622702.4866815	0	0	0
1743622702.525268	0	0	0
1743622702.5623538	0	0	0
1743622702.603719	0	0	0
1743622702.6379776	0	0	0
1743622702.6773674	0	0	0
1743622702.7059548	0	0	0
1743622702.7371035	0	0	0
1743622702.7632065	166.5	298.5	33.79999923706055
1743622702.783609	0	0	0
1743622702.7972226	0	0	0
1743622702.8290837	0	0	0
1743622702.861083	0	0	0
1743622702.8977947	0	0	0
1743622702.92948	0	0	0
1743622702.9615633	0	0	0
1743622702.9969966	0	0	0
1743622703.0295367	0	0	0
1743622703.0615885	0	0	0
1743622703.0976033	0	0	0
1743622703.1289122	0	0	0
1743622703.1897209	0	0	0
1743622703.2222328	0	0	0
1743622703.2558715	0	0	0
1743622703.2613068	0	0	0
1743622703.2982013	0	0	0
1743622703.3291526	0	0	0
1743622703.3617773	0	0	0
1743622703.424182	0	0	0
1743622703.4612107	0	0	0
1743622703.493177	0	0	0
1743622703.530393	0	0	0
1743622703.5594053	0	0	0
1743622703.576805	0	0	0
1743622703.5968351	0	0	0
1743622703.6293366	0	0	0
1743622703.6608646	0	0	0
1743622703.6978626	0	0	0
1743622703.7290761	0	0	0
1743622703.7618499	0	0	0
1743622703.7973197	0	0	0
1743622703.8286598	0	0	0
1743622703.8611078	0	0	0
1743622703.8974216	0	0	0
1743622703.9291778	0	0	0
1743622703.9615598	0	0	0
1743622703.9968758	0	0	0
1743622704.0297494	0	0	0
1743622704.0608866	0	0	0
1743622704.0975049	0	0	0
1743622704.1291015	0	0	0
1743622704.1651936	0	0	0
1743622704.1971948	0	0	0
1743622704.2296088	0	0	0
1743622704.2653258	0	0	0
1743622704.32047	0	0	0
1743622704.3568544	0	0	0
1743622704.3948376	0	0	0
1743622704.4041228	0	0	0
1743622704.4293852	0	0	0
1743622704.4650877	0	0	0
1743622704.5252128	0	0	0
1743622704.5551002	0	0	0
1743622704.590674	0	0	0
1743622704.5962749	0	0	0
1743622704.6293366	0	0	0
1743622704.6650627	0	0	0
1743622704.6968865	0	0	0
1743622704.7291257	0	0	0
1743622704.7650163	0	0	0
1743622704.79712	0	0	0
1743622704.829516	0	0	0
1743622704.8654237	0	0	0
1743622704.8973527	0	0	0
1743622704.9288988	0	0	0
1743622704.9657147	0	0	0
1743622704.9974115	0	0	0
1743622705.0296752	0	0	0
1743622705.0653732	0	0	0
1743622705.098499	0	0	0
1743622705.129915	0	0	0
1743622705.165836	0	0	0
1743622705.1969385	0	0	0
1743622705.2301216	0	0	0
1743622705.265793	0	0	0
1743622705.297655	0	0	0
1743622705.3293686	0	0	0
1743622705.3657756	0	0	0
1743622705.3976629	0	0	0
1743622705.4298654	0	0	0
1743622705.466263	0	0	0
1743622705.4977207	0	0	0
1743622705.5297925	166.5	297.5	32.70000076293945
