timestamp	x	y	r
1743619724.3192275	347.5	290.5	20.399999618530273
1743619724.47646	348.5	271.5	21.399999618530273
1743619724.524059	348.5	256.5	21.0
1743619724.578353	351.5	241.5	23.600000381469727
1743619724.656076	351.5	233.5	22.899999618530273
1743619724.7249687	355.5	231.5	22.899999618530273
1743619724.782031	357.5	252.5	21.200000762939453
1743619724.8391206	360.5	268.5	21.0
1743619724.8904157	364.5	306.5	21.799999237060547
1743619724.9414191	0	0	0
1743619724.9949768	405.5	304.5	74.0999984741211
1743619725.0474882	369.5	372.5	22.100000381469727
1743619725.0997076	368.5	371.5	22.200000762939453
1743619725.1539059	364.5	354.5	21.600000381469727
1743619725.1971617	362.5	338.5	21.5
1743619725.24545	358.5	301.5	22.100000381469727
1743619725.3011894	354.5	267.5	21.799999237060547
1743619725.3451638	352.5	254.5	21.299999237060547
1743619725.3984685	350.5	235.5	22.5
1743619725.4513018	347.5	234.5	20.5
1743619725.503711	345.5	247.5	21.0
1743619725.5660949	346.5	260.5	21.0
1743619725.607513	347.5	296.5	20.0
1743619725.6287706	349.5	314.5	21.0
1743619725.677923	352.5	353.5	18.799999237060547
1743619725.7298083	0	0	0
1743619725.7718554	358.5	373.5	22.399999618530273
1743619725.8168774	359.5	373.5	22.899999618530273
1743619725.8492584	361.5	372.5	21.200000762939453
1743619725.8698866	365.5	340.5	22.399999618530273
1743619725.891571	366.5	334.5	21.600000381469727
1743619725.9132848	366.5	315.5	22.5
1743619725.9336522	367.5	278.5	21.700000762939453
1743619725.955368	367.5	260.5	22.100000381469727
1743619725.9763432	366.5	245.5	22.100000381469727
1743619725.9978921	366.5	234.5	21.799999237060547
1743619726.0248733	365.5	227.5	21.600000381469727
1743619726.0591059	364.5	226.5	21.600000381469727
1743619726.090174	362.5	232.5	21.600000381469727
1743619726.127043	361.5	242.5	21.5
1743619726.158442	360.5	257.5	20.399999618530273
1743619726.196809	358.5	274.5	21.700000762939453
1743619726.2282562	357.5	294.5	21.5
1743619726.2593	356.5	315.5	20.5
1743619726.2914596	354.5	335.5	20.5
1743619726.3275259	0	0	0
1743619726.3588262	353.5	365.5	20.399999618530273
1743619726.3969553	352.5	374.5	20.5
1743619726.4276938	352.5	374.5	23.5
1743619726.4599824	351.5	376.5	21.299999237060547
1743619726.4943318	0	0	0
1743619726.5267115	350.5	366.5	21.0
1743619726.565213	350.5	354.5	20.0
1743619726.5932384	352.5	334.5	23.399999618530273
1743619726.6308138	351.5	317.5	21.200000762939453
1743619726.660773	352.5	298.5	21.5
1743619726.6931539	353.5	280.5	21.200000762939453
1743619726.727673	354.5	263.5	21.0
1743619726.7591276	355.5	248.5	21.799999237060547
1743619726.7939436	357.5	237.5	21.700000762939453
1743619726.854339	358.5	229.5	21.799999237060547
1743619726.8968747	360.5	226.5	21.600000381469727
1743619726.9364555	362.5	231.5	21.799999237060547
1743619726.9789774	364.5	241.5	21.600000381469727
1743619727.0241022	365.5	255.5	21.399999618530273
1743619727.0697126	366.5	272.5	21.299999237060547
1743619727.1135511	367.5	291.5	22.5
1743619727.1578083	367.5	311.5	22.100000381469727
1743619727.204303	368.5	332.5	21.299999237060547
1743619727.249098	367.5	351.5	20.399999618530273
1743619727.2963328	0	0	0
1743619727.3346636	365.5	373.5	19.899999618530273
1743619727.3859367	363.5	371.5	23.200000762939453
1743619727.4304256	364.5	372.5	21.799999237060547
1743619727.474237	359.5	361.5	22.100000381469727
1743619727.5206847	356.5	349.5	21.399999618530273
1743619727.5582933	355.5	335.5	19.899999618530273
1743619727.604092	351.5	298.5	21.600000381469727
1743619727.6589973	348.5	281.5	20.299999237060547
1743619727.7180808	347.5	265.5	20.5
1743619727.7597113	346.5	243.5	20.200000762939453
1743619727.795931	345.5	236.5	20.5
1743619727.8157196	346.5	236.5	21.0
1743619727.8344512	347.5	250.5	21.0
1743619727.8545575	351.5	280.5	21.0
1743619727.8872974	353.5	298.5	22.100000381469727
1743619727.9132197	354.5	318.5	21.200000762939453
1743619727.938354	358.5	336.5	21.600000381469727
1743619727.9704494	0	0	0
1743619727.9754822	361.5	364.5	21.200000762939453
1743619728.0057154	364.5	372.5	20.5
1743619728.038957	365.5	371.5	23.200000762939453
1743619728.0713627	365.5	372.5	21.700000762939453
1743619728.1046355	368.5	362.5	25.700000762939453
1743619728.1379576	367.5	358.5	22.399999618530273
1743619728.1630929	368.5	343.5	22.5
1743619728.194085	368.5	327.5	21.600000381469727
1743619728.228496	367.5	309.5	22.399999618530273
1743619728.2621927	366.5	291.5	22.100000381469727
1743619728.2950916	365.5	273.5	22.100000381469727
1743619728.3295903	363.5	258.5	21.600000381469727
1743619728.3619845	363.5	242.5	23.299999237060547
1743619728.3967366	361.5	234.5	22.899999618530273
1743619728.4278443	359.5	231.5	21.600000381469727
1743619728.463643	357.5	232.5	22.100000381469727
1743619728.4952953	355.5	240.5	21.0
1743619728.529792	352.5	250.5	22.399999618530273
1743619728.5611567	352.5	266.5	20.399999618530273
1743619728.597	351.5	286.5	19.100000381469727
1743619728.6303139	350.5	302.5	21.299999237060547
1743619728.6620047	351.5	322.5	21.399999618530273
1743619728.6965013	353.5	339.5	24.299999237060547
1743619728.7262459	0	0	0
1743619728.7843502	0	0	0
1743619728.8200734	351.5	375.5	19.899999618530273
1743619728.845907	352.5	374.5	22.399999618530273
1743619728.8855228	353.5	370.5	23.5
1743619728.9249072	354.5	369.5	21.299999237060547
1743619728.9683084	355.5	361.5	19.899999618530273
1743619729.005852	356.5	344.5	22.100000381469727
1743619729.0438266	357.5	327.5	22.100000381469727
1743619729.0730245	359.5	308.5	21.399999618530273
1743619729.1005635	360.5	290.5	21.0
1743619729.1273682	361.5	271.5	21.200000762939453
1743619729.1588686	362.5	255.5	21.299999237060547
1743619729.190332	363.5	242.5	21.0
1743619729.214246	364.5	231.5	21.799999237060547
1743619729.2435281	365.5	226.5	22.100000381469727
1743619729.274541	366.5	226.5	21.799999237060547
1743619729.307193	367.5	233.5	21.600000381469727
1743619729.3393562	367.5	245.5	21.5
1743619729.3731444	367.5	261.5	21.200000762939453
1743619729.4065647	366.5	280.5	21.200000762939453
1743619729.4304695	366.5	298.5	22.5
1743619729.4620428	365.5	319.5	21.600000381469727
1743619729.4969995	364.5	340.5	21.299999237060547
1743619729.529034	0	0	0
1743619729.5600007	0	0	0
1743619729.5923429	356.5	369.5	25.700000762939453
1743619729.6289792	357.5	372.5	22.700000762939453
1743619729.663525	358.5	371.5	24.299999237060547
1743619729.6976407	356.5	363.5	25.600000381469727
1743619729.7282896	0	0	0
1743619729.7601087	351.5	345.5	20.799999237060547
1743619729.796971	350.5	328.5	21.0
1743619729.8319407	349.5	311.5	21.0
1743619729.8631735	348.5	293.5	21.5
1743619729.8974638	348.5	277.5	20.0
1743619729.929302	351.5	257.5	25.200000762939453
1743619729.9648223	348.5	248.5	20.200000762939453
1743619729.9982815	349.5	238.5	21.600000381469727
1743619730.0321403	349.5	234.5	21.0
1743619730.0640125	351.5	234.5	21.100000381469727
1743619730.0957992	353.5	241.5	21.0
1743619730.129916	354.5	251.5	21.600000381469727
1743619730.1648967	356.5	265.5	21.5
1743619730.1986632	359.5	284.5	20.5
1743619730.23269	361.5	302.5	21.5
1743619730.2636025	364.5	320.5	23.899999618530273
1743619730.297363	365.5	340.5	21.5
1743619730.3334186	0	0	0
1743619730.3599393	367.5	366.5	22.100000381469727
1743619730.3974743	0	0	0
1743619730.4283679	368.5	370.5	22.399999618530273
1743619730.4629354	367.5	367.5	23.899999618530273
1743619730.4988372	367.5	358.5	23.899999618530273
1743619730.5306184	0	0	0
1743619730.560005	366.5	339.5	21.600000381469727
1743619730.5973215	364.5	322.5	21.299999237060547
1743619730.6323183	362.5	304.5	22.700000762939453
1743619730.666396	360.5	288.5	21.0
1743619730.7180622	358.5	272.5	21.0
1743619730.7568126	356.5	257.5	20.700000762939453
1743619730.7933989	354.5	246.5	20.5
1743619730.81735	353.5	237.5	21.600000381469727
1743619730.846522	351.5	235.5	20.5
1743619730.8709924	349.5	239.5	20.5
1743619730.8982613	352.5	244.5	24.600000381469727
1743619730.9320362	348.5	259.5	20.200000762939453
1743619730.9649754	347.5	273.5	21.600000381469727
1743619731.0006685	348.5	292.5	20.299999237060547
1743619731.0340693	348.5	308.5	22.399999618530273
1743619731.0670485	350.5	329.5	20.5
1743619731.0985112	0	0	0
1743619731.1288192	353.5	361.5	20.0
1743619731.1651056	357.5	363.5	26.600000381469727
1743619731.2001827	353.5	370.5	25.700000762939453
1743619731.233047	357.5	370.5	23.799999237060547
1743619731.2670457	360.5	366.5	25.799999237060547
1743619731.3009157	360.5	357.5	23.899999618530273
1743619731.3326004	362.5	353.5	21.0
1743619731.3664463	364.5	336.5	22.100000381469727
1743619731.4008007	365.5	319.5	21.399999618530273
1743619731.433648	366.5	298.5	23.799999237060547
1743619731.4668007	366.5	273.5	22.0
1743619731.5016837	367.5	264.5	21.600000381469727
1743619731.5345395	367.5	250.5	21.799999237060547
1743619731.5662553	367.5	236.5	22.899999618530273
1743619731.5996387	366.5	229.5	21.700000762939453
1743619731.6356022	366.5	227.5	21.600000381469727
1743619731.6668253	366.5	231.5	21.700000762939453
1743619731.7009945	364.5	240.5	21.799999237060547
1743619731.7323697	363.5	253.5	21.600000381469727
1743619731.7662778	362.5	271.5	21.100000381469727
1743619731.800026	361.5	290.5	21.200000762939453
1743619731.8309805	360.5	308.5	22.299999237060547
1743619731.8660243	358.5	329.5	21.600000381469727
1743619731.8998194	0	0	0
1743619731.9280162	355.5	362.5	20.399999618530273
1743619731.9658058	355.5	370.5	21.299999237060547
1743619732.0012357	353.5	373.5	22.700000762939453
1743619732.035684	353.5	374.5	21.799999237060547
1743619732.0675652	352.5	373.5	20.5
1743619732.1000364	0	0	0
1743619732.1285305	352.5	354.5	20.299999237060547
1743619732.1660388	351.5	338.5	21.399999618530273
1743619732.2002032	350.5	321.5	21.5
1743619732.2349787	351.5	303.5	21.5
1743619732.2685912	352.5	286.5	20.399999618530273
1743619732.3032684	352.5	269.5	20.399999618530273
1743619732.3344336	353.5	253.5	21.799999237060547
1743619732.368515	354.5	242.5	21.0
1743619732.4004502	356.5	233.5	21.600000381469727
1743619732.4350321	357.5	230.5	21.0
1743619732.4680789	359.5	232.5	22.399999618530273
1743619732.5004413	361.5	241.5	21.700000762939453
1743619732.532588	363.5	253.5	21.0
1743619732.5676448	364.5	269.5	21.600000381469727
1743619732.6024668	365.5	289.5	20.799999237060547
1743619732.635245	367.5	307.5	22.399999618530273
1743619732.669009	367.5	328.5	21.299999237060547
1743619732.703378	368.5	344.5	22.5
1743619732.7347467	0	0	0
1743619732.7603664	369.5	361.5	25.700000762939453
1743619732.7964318	365.5	368.5	24.299999237060547
1743619732.8336904	0	0	0
1743619732.85971	365.5	366.5	24.299999237060547
1743619732.8964064	363.5	362.5	21.600000381469727
1743619732.934168	0	0	0
1743619732.959997	359.5	336.5	20.5
1743619732.9961588	356.5	318.5	22.100000381469727
1743619733.0339892	354.5	301.5	22.100000381469727
1743619733.0688064	352.5	285.5	20.399999618530273
1743619733.1024573	351.5	270.5	20.100000381469727
1743619733.137011	352.5	253.5	24.0
1743619733.1678784	350.5	244.5	22.799999237060547
1743619733.202114	348.5	238.5	21.399999618530273
1743619733.2366037	347.5	237.5	20.700000762939453
1743619733.2675433	348.5	240.5	22.299999237060547
1743619733.3033834	347.5	251.5	19.899999618530273
1743619733.3351598	347.5	262.5	21.0
1743619733.3687155	350.5	279.5	19.899999618530273
1743619733.403299	351.5	296.5	21.100000381469727
1743619733.4348273	353.5	314.5	21.700000762939453
1743619733.4681206	355.5	334.5	20.200000762939453
1743619733.5020442	0	0	0
1743619733.528449	359.5	362.5	20.200000762939453
1743619733.5596726	0	0	0
1743619733.596059	362.5	368.5	23.799999237060547
1743619733.6283617	365.5	368.5	24.899999618530273
1743619733.664291	366.5	362.5	25.700000762939453
1743619733.7036145	365.5	360.5	21.0
1743619733.740037	366.5	345.5	22.5
1743619733.7723947	368.5	330.5	21.799999237060547
1743619733.8041317	367.5	312.5	22.100000381469727
1743619733.8375492	367.5	294.5	22.100000381469727
1743619733.8700588	366.5	277.5	22.100000381469727
1743619733.904859	365.5	261.5	22.299999237060547
1743619733.9378383	364.5	248.5	21.700000762939453
1743619733.972748	363.5	238.5	21.799999237060547
1743619734.0036004	362.5	232.5	21.799999237060547
1743619734.038221	360.5	232.5	21.600000381469727
1743619734.079015	360.5	237.5	23.0
1743619734.1366785	357.5	249.5	21.100000381469727
1743619734.1868122	356.5	263.5	21.200000762939453
1743619734.2352242	354.5	280.5	20.399999618530273
1743619734.2942889	354.5	299.5	21.200000762939453
1743619734.3467205	353.5	318.5	21.200000762939453
1743619734.3974893	353.5	337.5	20.200000762939453
1743619734.461139	0	0	0
1743619734.5040867	0	0	0
1743619734.5452669	352.5	370.5	22.100000381469727
1743619734.5980868	352.5	373.5	21.299999237060547
1743619734.6531472	353.5	367.5	23.200000762939453
1743619734.6956797	354.5	337.5	22.399999618530273
1743619734.7501523	355.5	331.5	21.299999237060547
1743619734.7972252	356.5	312.5	22.100000381469727
1743619734.8422034	358.5	276.5	21.799999237060547
1743619734.902564	361.5	246.5	21.600000381469727
1743619734.9600313	361.5	236.5	21.600000381469727
1743619734.9961538	362.5	229.5	21.799999237060547
1743619735.0167768	365.5	234.5	21.700000762939453
1743619735.0482874	366.5	243.5	21.799999237060547
1743619735.0779302	366.5	276.5	21.299999237060547
1743619735.1019325	399.5	266.5	78.80000305175781
1743619735.1310618	366.5	334.5	21.600000381469727
1743619735.1584682	0	0	0
1743619735.168784	411.5	296.5	50.400001525878906
1743619735.1994026	0	0	0
1743619735.205698	360.5	370.5	22.700000762939453
1743619735.2337518	360.5	370.5	22.100000381469727
1743619735.2797947	357.5	362.5	22.700000762939453
1743619735.301368	355.5	360.5	20.200000762939453
1743619735.3341138	353.5	337.5	22.100000381469727
1743619735.368826	352.5	330.5	21.399999618530273
1743619735.405022	351.5	314.5	21.600000381469727
1743619735.4371114	349.5	297.5	21.200000762939453
1743619735.4718153	349.5	280.5	21.5
1743619735.5038347	348.5	265.5	21.299999237060547
1743619735.537782	348.5	252.5	21.0
1743619735.5692852	348.5	243.5	20.700000762939453
1743619735.597246	348.5	237.5	20.700000762939453
1743619735.6318963	349.5	236.5	21.399999618530273
1743619735.6700752	350.5	242.5	21.299999237060547
1743619735.7050753	354.5	248.5	24.299999237060547
1743619735.7395613	354.5	265.5	21.0
1743619735.7738433	356.5	282.5	19.899999618530273
1743619735.8046837	358.5	299.5	21.600000381469727
1743619735.838947	360.5	318.5	21.200000762939453
1743619735.8735304	362.5	336.5	20.799999237060547
1743619735.9051032	362.5	339.5	22.5
1743619735.9407613	365.5	362.5	21.200000762939453
1743619735.995691	366.5	364.5	25.0
1743619736.0342455	367.5	367.5	22.899999618530273
1743619736.0780094	367.5	367.5	23.200000762939453
1743619736.1032329	0	0	0
1743619736.1088686	0	0	0
1743619736.1322856	366.5	341.5	22.399999618530273
1743619736.1704688	366.5	324.5	22.299999237060547
1743619736.204491	364.5	307.5	22.399999618530273
1743619736.2396677	363.5	291.5	21.799999237060547
1743619736.2728362	361.5	275.5	21.0
1743619736.306422	359.5	260.5	21.600000381469727
1743619736.3395376	359.5	246.5	23.799999237060547
1743619736.3743076	357.5	239.5	22.899999618530273
1743619736.4040182	354.5	236.5	21.600000381469727
1743619736.4403656	353.5	238.5	21.299999237060547
1743619736.471579	351.5	246.5	21.0
1743619736.5054479	350.5	257.5	20.200000762939453
1743619736.5398715	350.5	272.5	20.0
1743619736.5720918	350.5	290.5	18.799999237060547
1743619736.6058447	350.5	306.5	20.399999618530273
1743619736.6417158	350.5	323.5	21.799999237060547
1743619736.6726449	352.5	340.5	22.299999237060547
1743619736.7061872	0	0	0
1743619736.7329752	0	0	0
1743619736.7652361	355.5	369.5	21.799999237060547
1743619736.795831	355.5	369.5	22.700000762939453
1743619736.8327115	359.5	367.5	25.399999618530273
1743619736.865172	0	0	0
1743619736.896461	357.5	353.5	23.600000381469727
1743619736.9325016	360.5	340.5	21.299999237060547
1743619736.9645357	362.5	322.5	22.5
1743619736.996332	363.5	304.5	21.600000381469727
1743619737.03237	364.5	286.5	22.100000381469727
1743619737.0676255	364.5	269.5	22.100000381469727
1743619737.105282	365.5	254.5	21.799999237060547
1743619737.1418455	365.5	242.5	21.600000381469727
1743619737.184419	365.5	233.5	21.799999237060547
1743619737.2052634	365.5	229.5	22.200000762939453
1743619737.2428172	365.5	230.5	21.799999237060547
1743619737.2775202	365.5	239.5	21.0
1743619737.3074293	364.5	251.5	21.0
1743619737.3428104	364.5	267.5	21.600000381469727
1743619737.3766532	363.5	285.5	21.600000381469727
1743619737.4071689	362.5	303.5	22.5
1743619737.4433699	361.5	322.5	22.5
1743619737.474374	360.5	342.5	21.0
1743619737.509303	0	0	0
1743619737.5325887	357.5	366.5	21.0
1743619737.5644884	356.5	372.5	20.700000762939453
1743619737.6001072	354.5	370.5	22.700000762939453
1743619737.631949	354.5	371.5	21.600000381469727
1743619737.66526	353.5	365.5	21.0
1743619737.7003164	0	0	0
1743619737.7329106	352.5	342.5	20.5
1743619737.7645729	350.5	325.5	21.5
1743619737.8004203	350.5	307.5	21.5
1743619737.8323932	351.5	290.5	21.5
1743619737.8647897	351.5	273.5	21.5
1743619737.899785	352.5	258.5	21.700000762939453
1743619737.9324856	352.5	246.5	21.600000381469727
1743619737.965127	353.5	238.5	21.299999237060547
1743619737.999488	354.5	233.5	21.399999618530273
1743619738.0328565	356.5	234.5	22.0
1743619738.076115	358.5	238.5	23.0
1743619738.1099408	360.5	252.5	21.0
1743619738.1436646	360.5	266.5	22.399999618530273
1743619738.176309	363.5	285.5	21.799999237060547
1743619738.2096612	364.5	304.5	21.799999237060547
1743619738.2431993	365.5	321.5	22.299999237060547
1743619738.2761123	372.5	330.5	29.899999618530273
1743619738.309123	367.5	355.5	20.200000762939453
1743619738.3405373	367.5	361.5	23.799999237060547
1743619738.3754609	366.5	367.5	23.200000762939453
1743619738.4082656	0	0	0
1743619738.4324675	365.5	365.5	23.899999618530273
1743619738.4645548	364.5	356.5	24.600000381469727
1743619738.4998229	404.5	224.5	62.599998474121094
1743619738.532105	361.5	338.5	20.399999618530273
1743619738.5645173	358.5	320.5	22.899999618530273
1743619738.6007755	357.5	304.5	22.100000381469727
1743619738.6325927	355.5	289.5	20.5
1743619738.6649563	353.5	273.5	21.200000762939453
1743619738.6999576	352.5	259.5	21.0
1743619738.7322764	351.5	249.5	21.0
1743619738.7644737	350.5	241.5	21.0
1743619738.8001168	349.5	239.5	21.0
1743619738.8321364	348.5	243.5	20.5
1743619738.8643126	350.5	247.5	23.600000381469727
1743619738.899887	348.5	262.5	20.200000762939453
1743619738.932472	350.5	275.5	21.600000381469727
1743619738.9639475	351.5	293.5	21.0
1743619738.9999847	352.5	310.5	21.399999618530273
1743619739.0324988	353.5	329.5	20.5
1743619739.0646927	355.5	344.5	21.5
1743619739.101166	0	0	0
1743619739.1329865	0	0	0
1743619739.168966	360.5	367.5	23.200000762939453
1743619739.2003057	362.5	367.5	22.899999618530273
1743619739.2328892	364.5	362.5	25.399999618530273
1743619739.2689452	364.5	361.5	20.100000381469727
1743619739.3010607	364.5	339.5	23.200000762939453
1743619739.332722	365.5	322.5	22.100000381469727
1743619739.3687863	366.5	315.5	22.100000381469727
1743619739.4002125	366.5	297.5	22.5
1743619739.433589	366.5	280.5	21.600000381469727
1743619739.4702027	365.5	265.5	21.0
1743619739.5001874	364.5	251.5	21.600000381469727
1743619739.5329683	363.5	239.5	21.799999237060547
1743619739.5689704	363.5	234.5	22.200000762939453
1743619739.6004846	362.5	233.5	21.600000381469727
1743619739.6330442	361.5	235.5	21.799999237060547
1743619739.6687903	359.5	247.5	21.0
1743619739.7007742	358.5	260.5	21.200000762939453
1743619739.733019	356.5	276.5	21.0
1743619739.7683444	356.5	295.5	21.200000762939453
1743619739.8002334	354.5	312.5	22.799999237060547
1743619739.8329465	355.5	332.5	20.399999618530273
1743619739.868396	0	0	0
1743619739.9005544	0	0	0
1743619739.932706	353.5	369.5	20.399999618530273
1743619739.9688122	353.5	372.5	20.700000762939453
1743619740.0005229	352.5	370.5	22.899999618530273
1743619740.0337803	353.5	368.5	21.799999237060547
1743619740.0697486	353.5	362.5	21.0
1743619740.100484	354.5	351.5	20.200000762939453
1743619740.1327558	354.5	334.5	21.600000381469727
1743619740.1705108	355.5	317.5	21.0
1743619740.2024522	355.5	299.5	21.399999618530273
1743619740.232097	356.5	282.5	21.200000762939453
1743619740.2691855	357.5	265.5	21.299999237060547
1743619740.3003235	358.5	251.5	21.700000762939453
1743619740.3331115	359.5	240.5	21.700000762939453
1743619740.4071188	360.5	232.5	21.600000381469727
1743619740.4517984	361.5	230.5	21.600000381469727
1743619740.5051048	363.5	232.5	23.0
1743619740.5551648	364.5	243.5	21.799999237060547
1743619740.6007853	364.5	248.5	21.600000381469727
1743619740.6458242	365.5	272.5	21.600000381469727
1743619740.6884956	366.5	291.5	21.5
1743619740.7316782	366.5	310.5	21.600000381469727
1743619740.8071218	365.5	329.5	21.600000381469727
1743619740.869346	365.5	345.5	22.200000762939453
1743619740.9341223	364.5	360.5	20.5
1743619740.9867563	362.5	366.5	22.899999618530273
1743619741.054231	360.5	366.5	22.899999618530273
1743619741.1038332	0	0	0
1743619741.1565118	355.5	334.5	21.0
1743619741.202673	352.5	300.5	21.0
1743619741.2384574	350.5	269.5	20.399999618530273
1743619741.258196	349.5	244.5	21.0
1743619741.277404	349.5	239.5	20.799999237060547
1743619741.2961402	350.5	243.5	20.299999237060547
1743619741.3153374	351.5	252.5	20.200000762939453
1743619741.3346364	352.5	263.5	21.600000381469727
1743619741.353293	354.5	278.5	21.399999618530273
1743619741.3745334	356.5	296.5	21.399999618530273
1743619741.4004238	358.5	314.5	21.399999618530273
1743619741.4359956	360.5	332.5	21.0
1743619741.4684722	360.5	335.5	23.0
1743619741.5112004	362.5	360.5	20.5
1743619741.5365925	364.5	365.5	22.5
1743619741.5681698	366.5	366.5	22.799999237060547
1743619741.601182	364.5	364.5	24.600000381469727
1743619741.63652	366.5	360.5	24.299999237060547
1743619741.6688917	365.5	354.5	21.700000762939453
1743619741.7011638	366.5	342.5	22.299999237060547
1743619741.7362764	366.5	326.5	22.5
1743619741.7684777	365.5	310.5	22.399999618530273
1743619741.8007703	364.5	294.5	21.799999237060547
1743619741.8362284	361.5	271.5	21.299999237060547
1743619741.8683608	360.5	263.5	21.600000381469727
1743619741.90041	360.5	248.5	23.399999618530273
1743619741.9360526	358.5	242.5	21.799999237060547
1743619741.9685097	357.5	238.5	20.5
1743619742.000175	355.5	238.5	21.399999618530273
1743619742.0362227	354.5	245.5	20.700000762939453
1743619742.0684404	353.5	255.5	21.0
1743619742.1003249	352.5	269.5	20.200000762939453
1743619742.1361666	352.5	286.5	19.299999237060547
1743619742.1683054	352.5	302.5	21.299999237060547
1743619742.2270513	352.5	320.5	21.100000381469727
1743619742.266326	352.5	338.5	20.0
1743619742.3063807	0	0	0
1743619742.3398666	353.5	364.5	20.0
1743619742.3674498	354.5	367.5	21.600000381469727
1743619742.3954296	355.5	368.5	22.899999618530273
1743619742.427702	357.5	366.5	23.799999237060547
1743619742.460698	356.5	364.5	22.399999618530273
1743619742.4924498	0	0	0
1743619742.500605	359.5	341.5	22.100000381469727
1743619742.5363765	360.5	325.5	22.100000381469727
1743619742.5686283	361.5	307.5	22.100000381469727
1743619742.600193	361.5	291.5	21.799999237060547
1743619742.6360722	362.5	266.5	21.799999237060547
1743619742.6684148	363.5	258.5	21.299999237060547
1743619742.7008553	363.5	241.5	21.600000381469727
1743619742.7361698	366.5	235.5	24.299999237060547
1743619742.7683134	364.5	231.5	21.799999237060547
1743619742.804368	364.5	231.5	21.299999237060547
1743619742.8361557	364.5	238.5	21.600000381469727
1743619742.8686137	364.5	249.5	21.5
1743619742.9049246	363.5	263.5	21.600000381469727
1743619742.9360814	363.5	281.5	21.200000762939453
1743619742.9686718	362.5	298.5	22.5
1743619743.0041327	361.5	318.5	21.799999237060547
1743619743.0366943	361.5	338.5	20.399999618530273
1743619743.0691774	0	0	0
1743619743.1045349	359.5	363.5	21.0
1743619743.1360078	356.5	366.5	24.0
1743619743.168624	356.5	368.5	22.899999618530273
1743619743.2047691	356.5	366.5	24.100000381469727
1743619743.2359548	354.5	366.5	19.899999618530273
1743619743.2684972	355.5	356.5	20.799999237060547
1743619743.3046265	353.5	342.5	21.600000381469727
1743619743.3363523	351.5	328.5	21.200000762939453
1743619743.3962152	351.5	311.5	21.799999237060547
1743619743.4360557	351.5	295.5	20.399999618530273
1743619743.4652925	351.5	278.5	21.200000762939453
1743619743.4953265	351.5	262.5	21.600000381469727
1743619743.5228946	351.5	250.5	21.299999237060547
1743619743.5456095	351.5	240.5	21.700000762939453
1743619743.5804765	352.5	236.5	21.399999618530273
1743619743.6159413	354.5	236.5	21.600000381469727
1743619743.648761	356.5	239.5	22.799999237060547
1743619743.6820855	357.5	252.5	21.399999618530273
1743619743.7163873	359.5	265.5	21.399999618530273
1743619743.7490096	360.5	282.5	21.200000762939453
1743619743.780804	361.5	299.5	22.5
1743619743.8161383	362.5	318.5	22.100000381469727
1743619743.8482966	365.5	336.5	21.600000381469727
1743619743.8805473	365.5	350.5	22.100000381469727
1743619743.9158983	365.5	361.5	21.299999237060547
1743619743.9476101	367.5	362.5	25.0
1743619743.9803414	365.5	365.5	22.899999618530273
1743619744.0157013	365.5	363.5	23.799999237060547
1743619744.0484235	364.5	355.5	22.899999618530273
1743619744.0808237	363.5	352.5	21.600000381469727
1743619744.1158853	362.5	339.5	21.299999237060547
1743619744.1493497	361.5	322.5	22.5
1743619744.181335	359.5	307.5	22.100000381469727
1743619744.2169063	357.5	292.5	21.0
1743619744.2496376	355.5	276.5	21.200000762939453
1743619744.2826018	354.5	262.5	21.5
1743619744.3173647	352.5	250.5	22.399999618530273
1743619744.3498054	352.5	244.5	20.5
1743619744.3829887	351.5	240.5	21.399999618530273
1743619744.4170005	350.5	242.5	21.100000381469727
1743619744.4506035	349.5	250.5	20.5
1743619744.4848063	349.5	260.5	21.0
1743619744.517846	349.5	273.5	21.399999618530273
1743619744.550858	350.5	290.5	20.399999618530273
1743619744.5837328	352.5	306.5	21.600000381469727
1743619744.6185057	353.5	324.5	21.600000381469727
1743619744.6503105	354.5	341.5	21.700000762939453
1743619744.6832905	0	0	0
1743619744.7050204	357.5	363.5	20.200000762939453
1743619744.7366955	359.5	363.5	24.600000381469727
1743619744.7726724	359.5	365.5	22.899999618530273
1743619744.8045478	359.5	266.5	19.100000381469727
1743619744.8360834	362.5	361.5	21.299999237060547
1743619744.8727427	364.5	351.5	20.700000762939453
1743619744.904284	364.5	335.5	22.5
1743619744.9362147	364.5	318.5	22.100000381469727
1743619744.9724739	365.5	299.5	23.600000381469727
1743619745.0041823	365.5	283.5	22.399999618530273
1743619745.0356996	364.5	269.5	21.200000762939453
1743619745.0723095	364.5	255.5	21.600000381469727
1743619745.1045225	363.5	241.5	21.799999237060547
1743619745.1360455	363.5	237.5	21.700000762939453
1743619745.1726837	362.5	233.5	21.799999237060547
1743619745.2044861	360.5	235.5	22.899999618530273
1743619745.2360888	360.5	246.5	21.200000762939453
1743619745.2725437	359.5	258.5	21.600000381469727
1743619745.3047078	358.5	274.5	21.100000381469727
1743619745.3381813	358.5	291.5	20.200000762939453
1743619745.3724964	356.5	308.5	21.399999618530273
1743619745.4045956	355.5	326.5	21.799999237060547
1743619745.4370418	0	0	0
1743619745.4723186	0	0	0
1743619745.5041378	0	0	0
1743619745.5361223	354.5	366.5	23.299999237060547
1743619745.572887	354.5	368.5	22.200000762939453
1743619745.615629	353.5	366.5	22.700000762939453
1743619745.6483145	0	0	0
1743619745.6724179	0	0	0
1743619745.7047281	353.5	337.5	21.5
1743619745.7367818	353.5	320.5	21.299999237060547
1743619745.7735531	354.5	303.5	21.200000762939453
1743619745.8050952	355.5	278.5	21.600000381469727
1743619745.8385649	355.5	270.5	21.700000762939453
1743619745.8743393	356.5	255.5	21.600000381469727
1743619745.9056737	357.5	244.5	21.700000762939453
1743619745.9392228	358.5	236.5	21.700000762939453
1743619745.9723961	359.5	233.5	22.200000762939453
1743619746.0045214	361.5	235.5	21.799999237060547
1743619746.0394373	362.5	243.5	21.799999237060547
1743619746.072669	363.5	254.5	21.700000762939453
1743619746.1052735	364.5	269.5	21.600000381469727
1743619746.139878	365.5	288.5	21.299999237060547
1743619746.1726983	365.5	306.5	22.100000381469727
1743619746.2053134	365.5	326.5	21.0
1743619746.2395022	365.5	341.5	22.100000381469727
1743619746.2724206	0	0	0
1743619746.3046453	364.5	363.5	21.299999237060547
1743619746.3370903	364.5	364.5	24.600000381469727
1743619746.3731687	362.5	366.5	23.200000762939453
1743619746.4056177	361.5	364.5	22.700000762939453
1743619746.4399636	359.5	361.5	20.399999618530273
1743619746.4726708	0	0	0
1743619746.5041678	357.5	335.5	21.600000381469727
1743619746.5408435	354.5	319.5	21.200000762939453
1743619746.5728517	353.5	303.5	21.0
1743619746.6051168	352.5	288.5	21.200000762939453
1743619746.6407082	351.5	273.5	21.299999237060547
1743619746.6729121	350.5	260.5	20.5
1743619746.736247	351.5	247.5	22.899999618530273
1743619746.7756443	349.5	242.5	21.299999237060547
1743619746.8230345	349.5	240.5	20.299999237060547
1743619746.8646426	351.5	242.5	22.799999237060547
1743619746.9034889	350.5	252.5	20.5
1743619746.952152	351.5	263.5	21.0
1743619746.9969008	353.5	277.5	21.0
1743619747.038895	355.5	293.5	21.600000381469727
1743619747.082671	356.5	309.5	21.799999237060547
1743619747.134574	358.5	329.5	20.399999618530273
1743619747.1753333	359.5	343.5	22.100000381469727
1743619747.2190747	361.5	357.5	20.200000762939453
1743619747.2644928	0	0	0
1743619747.2963347	365.5	364.5	22.100000381469727
1743619747.341132	364.5	359.5	24.299999237060547
1743619747.3898726	0	0	0
1743619747.42843	365.5	344.5	22.100000381469727
1743619747.4746664	365.5	331.5	21.0
1743619747.5174668	364.5	295.5	23.5
1743619747.5612404	363.5	281.5	21.700000762939453
1743619747.5903864	362.5	266.5	21.0
1743619747.6165624	359.5	245.5	21.799999237060547
1743619747.6354864	358.5	239.5	21.799999237060547
1743619747.655034	357.5	238.5	21.399999618530273
1743619747.6752572	351.5	249.5	24.899999618530273
1743619747.6944342	354.5	266.5	21.0
1743619747.7151797	353.5	282.5	20.399999618530273
1743619747.7402918	353.5	299.5	21.799999237060547
1743619747.771779	353.5	317.5	20.200000762939453
1743619747.8042169	353.5	333.5	20.200000762939453
1743619747.8403056	0	0	0
1743619747.874763	0	0	0
1743619747.9045382	0	0	0
1743619747.9406633	355.5	366.5	21.799999237060547
1743619747.9721909	354.5	365.5	22.700000762939453
1743619748.0047915	0	0	0
1743619748.0404246	0	0	0
1743619748.0719783	357.5	343.5	22.399999618530273
1743619748.1047752	358.5	329.5	21.0
1743619748.1433516	358.5	312.5	22.100000381469727
1743619748.1754417	359.5	293.5	23.0
1743619748.2088351	361.5	277.5	21.799999237060547
1743619748.241799	362.5	262.5	21.799999237060547
1743619748.2757683	362.5	250.5	21.600000381469727
1743619748.3087525	363.5	240.5	21.799999237060547
1743619748.3421297	363.5	233.5	22.100000381469727
1743619748.3730607	363.5	232.5	21.799999237060547
1743619748.409394	363.5	238.5	21.799999237060547
1743619748.4410634	364.5	247.5	21.799999237060547
1743619748.4750443	364.5	260.5	21.5
1743619748.5089204	364.5	278.5	21.200000762939453
1743619748.5442016	364.5	296.5	22.100000381469727
1743619748.5949583	362.5	314.5	21.200000762939453
1743619748.6377888	361.5	332.5	20.399999618530273
1743619748.6737986	360.5	347.5	21.299999237060547
1743619748.7036035	360.5	360.5	21.0
1743619748.7376876	360.5	361.5	24.299999237060547
1743619748.766255	358.5	365.5	22.700000762939453
1743619748.7956202	358.5	366.5	23.799999237060547
1743619748.8213315	356.5	360.5	24.0
1743619748.8532453	354.5	358.5	20.200000762939453
1743619748.8804257	351.5	342.5	23.899999618530273
1743619748.9190214	352.5	330.5	21.200000762939453
1743619748.9514737	352.5	314.5	21.600000381469727
1743619748.9734688	351.5	297.5	21.200000762939453
1743619749.0092402	350.5	281.5	21.600000381469727
1743619749.0425074	351.5	267.5	21.600000381469727
1743619749.0744872	350.5	255.5	21.0
1743619749.1111317	351.5	242.5	22.5
1743619749.141808	351.5	238.5	21.299999237060547
1743619749.1759553	353.5	238.5	22.0
1743619749.2086086	354.5	243.5	21.700000762939453
1743619749.2410645	358.5	248.5	25.100000381469727
1743619749.2758198	356.5	264.5	21.700000762939453
1743619749.3112798	358.5	280.5	21.299999237060547
1743619749.3434665	360.5	296.5	22.399999618530273
1743619749.3752625	361.5	314.5	21.5
1743619749.411386	363.5	333.5	21.299999237060547
1743619749.4440603	371.5	341.5	30.200000762939453
1743619749.4743736	0	0	0
1743619749.5084224	365.5	361.5	23.899999618530273
1743619749.5442202	365.5	363.5	23.5
1743619749.5756216	364.5	364.5	23.200000762939453
1743619749.611686	363.5	362.5	21.0
1743619749.643158	363.5	354.5	19.899999618530273
1743619749.6751032	367.5	335.5	28.200000762939453
1743619749.711189	362.5	326.5	21.200000762939453
1743619749.743792	360.5	309.5	22.100000381469727
1743619749.7780585	358.5	294.5	21.200000762939453
1743619749.810695	357.5	279.5	21.700000762939453
1743619749.841622	355.5	266.5	21.0
1743619749.8768425	353.5	254.5	20.5
1743619749.9103785	353.5	246.5	20.5
1743619749.9425426	353.5	242.5	20.700000762939453
1743619749.9741259	351.5	242.5	20.700000762939453
1743619750.0110807	350.5	249.5	20.5
1743619750.0431561	349.5	259.5	21.0
1743619750.0775795	349.5	273.5	20.399999618530273
1743619750.1125944	350.5	290.5	18.799999237060547
1743619750.141458	351.5	303.5	21.600000381469727
1743619750.17875	352.5	320.5	21.200000762939453
1743619750.2114449	353.5	337.5	20.200000762939453
1743619750.2430627	0	0	0
1743619750.275914	355.5	361.5	20.399999618530273
1743619750.309059	0	0	0
1743619750.340529	356.5	364.5	23.600000381469727
1743619750.377826	359.5	362.5	24.299999237060547
1743619750.4099543	360.5	361.5	20.100000381469727
1743619750.4426038	360.5	342.5	22.799999237060547
1743619750.4788916	361.5	337.5	22.100000381469727
1743619750.508906	361.5	321.5	22.700000762939453
1743619750.5443182	363.5	303.5	22.799999237060547
1743619750.579021	363.5	288.5	21.600000381469727
1743619750.6111078	363.5	272.5	21.799999237060547
1743619750.6433926	363.5	258.5	21.600000381469727
1743619750.6774507	363.5	247.5	21.600000381469727
1743619750.7119086	362.5	238.5	22.799999237060547
1743619750.74543	361.5	235.5	22.100000381469727
1743619750.7770467	361.5	236.5	21.299999237060547
1743619750.8105044	361.5	244.5	21.0
1743619750.8442357	360.5	256.5	21.0
1743619750.8767247	358.5	270.5	21.600000381469727
1743619750.912897	358.5	287.5	20.399999618530273
1743619750.9428344	357.5	304.5	21.200000762939453
1743619750.9781792	356.5	322.5	21.200000762939453
1743619751.0103974	355.5	340.5	20.0
1743619751.0442445	0	0	0
1743619751.0760767	0	0	0
1743619751.1084425	352.5	365.5	22.100000381469727
1743619751.14488	355.5	268.5	19.100000381469727
1743619751.1794903	353.5	364.5	22.399999618530273
1743619751.2143872	353.5	356.5	23.299999237060547
1743619751.2455592	351.5	352.5	20.299999237060547
1743619751.2774508	353.5	339.5	21.5
1743619751.3124795	353.5	323.5	21.399999618530273
1743619751.3446023	352.5	306.5	21.5
1743619751.3791778	352.5	290.5	21.799999237060547
1743619751.4120352	354.5	267.5	21.299999237060547
1743619751.4464078	355.5	259.5	21.600000381469727
1743619751.4807942	355.5	248.5	21.0
1743619751.5118716	356.5	240.5	21.299999237060547
1743619751.5426767	358.5	235.5	21.799999237060547
1743619751.5796194	358.5	236.5	21.799999237060547
1743619751.612311	359.5	243.5	21.799999237060547
1743619751.64687	360.5	253.5	22.100000381469727
1743619751.6793416	362.5	267.5	22.100000381469727
1743619751.7133365	363.5	284.5	21.299999237060547
1743619751.7451394	363.5	302.5	22.100000381469727
1743619751.7797508	364.5	319.5	22.399999618530273
1743619751.8127046	365.5	336.5	21.799999237060547
1743619751.8457527	363.5	350.5	22.299999237060547
1743619751.8774805	364.5	361.5	20.399999618530273
1743619751.9112055	363.5	363.5	22.700000762939453
1743619751.9475653	362.5	364.5	22.899999618530273
1743619751.9772267	0	0	0
1743619752.0084512	359.5	360.5	20.5
1743619752.0468822	0	0	0
1743619752.0757208	357.5	337.5	21.5
1743619752.1128268	355.5	322.5	21.399999618530273
1743619752.1478188	354.5	306.5	21.5
1743619752.1816792	353.5	291.5	21.0
1743619752.2113972	351.5	276.5	20.5
1743619752.2472985	350.5	263.5	21.0
1743619752.2816737	350.5	253.5	20.5
1743619752.3134904	350.5	244.5	21.600000381469727
1743619752.3481917	349.5	242.5	20.5
1743619752.3792865	349.5	245.5	21.0
1743619752.413868	353.5	249.5	24.600000381469727
1743619752.446644	350.5	261.5	21.0
1743619752.478606	351.5	275.5	20.399999618530273
1743619752.5143979	353.5	291.5	21.299999237060547
1743619752.546385	355.5	307.5	21.0
1743619752.581442	357.5	322.5	22.799999237060547
1743619752.6151521	357.5	340.5	20.399999618530273
1743619752.6468308	0	0	0
1743619752.675974	0	0	0
1743619752.708704	362.5	362.5	23.399999618530273
1743619752.7467508	362.5	362.5	22.899999618530273
1743619752.7807212	363.5	361.5	22.700000762939453
1743619752.8158128	364.5	357.5	20.399999618530273
1743619752.8473563	363.5	337.5	23.0
1743619752.8818517	363.5	332.5	21.299999237060547
1743619752.9393651	364.5	315.5	22.100000381469727
1743619752.983588	364.5	298.5	22.399999618530273
1743619753.0245156	363.5	284.5	21.0
1743619753.0701346	362.5	269.5	22.100000381469727
1743619753.116313	361.5	257.5	21.600000381469727
1743619753.15728	360.5	245.5	22.899999618530273
1743619753.20023	358.5	240.5	21.600000381469727
1743619753.2430832	357.5	239.5	21.299999237060547
1743619753.2886245	357.5	243.5	21.299999237060547
1743619753.3394668	356.5	252.5	21.0
1743619753.3849492	354.5	264.5	21.0
1743619753.4259784	354.5	279.5	20.100000381469727
1743619753.4682183	353.5	295.5	21.200000762939453
1743619753.5106409	353.5	312.5	20.799999237060547
1743619753.546948	0	0	0
1743619753.5781908	0	0	0
1743619753.6155052	353.5	364.5	20.5
1743619753.6629162	353.5	364.5	22.399999618530273
1743619753.7069197	354.5	360.5	24.299999237060547
1743619753.7490938	356.5	358.5	20.100000381469727
1743619753.7792053	355.5	346.5	21.5
1743619753.8034317	357.5	333.5	20.100000381469727
1743619753.830646	358.5	298.5	21.799999237060547
1743619753.8492866	358.5	281.5	22.100000381469727
1743619753.8691924	360.5	266.5	21.299999237060547
1743619753.8892348	361.5	252.5	22.399999618530273
1743619753.9083774	361.5	243.5	21.799999237060547
1743619753.927952	361.5	236.5	21.600000381469727
1743619753.9488974	361.5	234.5	22.100000381469727
1743619753.9763865	363.5	236.5	23.200000762939453
1743619754.012267	363.5	246.5	21.799999237060547
1743619754.04458	363.5	259.5	21.5
1743619754.0760512	363.5	274.5	22.100000381469727
1743619754.1151454	363.5	292.5	21.299999237060547
1743619754.1445956	362.5	310.5	21.0
1743619754.1811373	362.5	328.5	20.399999618530273
1743619754.21541	361.5	343.5	21.299999237060547
1743619754.249495	0	0	0
1743619754.2762113	359.5	364.5	20.399999618530273
1743619754.3121097	358.5	364.5	22.399999618530273
1743619754.3491979	358.5	365.5	21.299999237060547
1743619754.383344	357.5	360.5	24.100000381469727
1743619754.417964	358.5	351.5	26.200000762939453
1743619754.4488583	0	0	0
1743619754.476091	354.5	333.5	21.0
1743619754.5126257	352.5	317.5	21.5
1743619754.5485146	351.5	301.5	21.200000762939453
1743619754.5829513	351.5	286.5	20.399999618530273
1743619754.618787	351.5	271.5	21.0
1743619754.6499052	351.5	258.5	20.5
1743619754.684027	351.5	248.5	21.0
1743619754.7176123	351.5	241.5	21.399999618530273
1743619754.7701898	352.5	240.5	21.299999237060547
1743619754.810155	353.5	244.5	21.0
1743619754.849507	354.5	252.5	20.700000762939453
1743619754.8911092	356.5	262.5	22.100000381469727
1743619754.9220853	358.5	277.5	21.600000381469727
1743619754.950563	359.5	293.5	22.399999618530273
1743619754.9816947	360.5	311.5	21.200000762939453
1743619755.0088089	361.5	328.5	21.600000381469727
1743619755.0283597	362.5	342.5	22.100000381469727
1743619755.0615184	362.5	354.5	21.0
1743619755.094746	364.5	355.5	23.899999618530273
1743619755.1279783	0	0	0
1743619755.1443367	365.5	361.5	23.0
1743619755.1796653	364.5	361.5	21.299999237060547
1743619755.2150643	363.5	353.5	21.0
1743619755.2459815	363.5	341.5	22.299999237060547
1743619755.277295	362.5	328.5	21.600000381469727
